485
Doll000.xyz Doll001.xyz 0.956847 0.060088 -0.284315 0.338426 -0.059574 0.998169 0.010459 -0.007359 0.284424 0.006929 0.958674 0.031787 0.000000 0.000000 0.000000 1.000000
Doll000.xyz Doll002.xyz 0.821616 0.118857 -0.557514 0.650163 -0.145443 0.989360 -0.003419 0.006436 0.551177 0.083896 0.830161 0.187407 0.000000 0.000000 0.000000 1.000000
Doll000.xyz Doll003.xyz 0.276799 0.238754 -0.930795 1.068960 -0.258858 0.951361 0.167050 -0.196234 0.925407 0.194705 0.325137 0.786980 0.000000 0.000000 0.000000 1.000000
Doll000.xyz Doll004.xyz -0.164442 0.247902 -0.954728 1.091169 -0.259440 0.922954 0.284338 -0.332769 0.951657 0.294451 -0.087457 1.268077 0.000000 0.000000 0.000000 1.000000
Doll000.xyz Doll009.xyz -0.223904 -0.175213 0.958732 -1.135839 0.254362 0.939109 0.231030 -0.243076 -0.940834 0.295593 -0.165702 1.260476 0.000000 0.000000 0.000000 1.000000
Doll000.xyz Doll010.xyz 0.068151 -0.189913 0.979434 -1.139548 0.254462 0.952557 0.166994 -0.171701 -0.964679 0.237847 0.113243 0.944549 0.000000 0.000000 0.000000 1.000000
Doll000.xyz Doll011.xyz 0.531486 -0.158976 0.832016 -0.929649 0.200526 0.977926 0.058761 -0.048757 -0.822992 0.135610 0.551632 0.443852 0.000000 0.000000 0.000000 1.000000
Doll000.xyz Doll012.xyz 0.784764 -0.129002 0.606220 -0.653621 0.157027 0.987571 0.006877 0.005774 -0.599574 0.089796 0.795266 0.192814 0.000000 0.000000 0.000000 1.000000
Doll000.xyz Doll013.xyz 0.920928 -0.104064 0.375586 -0.385492 0.117231 0.993029 -0.012308 0.025959 -0.371688 0.055364 0.926705 0.035809 0.000000 0.000000 0.000000 1.000000
Doll000.xyz Doll014.xyz 0.998384 -0.056475 0.006359 0.053895 0.046639 0.750217 -0.659545 0.768480 0.032478 0.658776 0.751638 0.237797 0.000000 0.000000 0.000000 1.000000
Doll001.xyz Doll002.xyz 0.951811 0.063860 -0.299964 0.338050 -0.078747 0.996178 -0.037789 0.041618 0.296405 0.059590 0.953202 0.057234 0.000000 0.000000 0.000000 1.000000
Doll001.xyz Doll003.xyz 0.543839 0.212090 -0.811946 0.912281 -0.238017 0.966788 0.093114 -0.111528 0.804730 0.142618 0.576257 0.497370 0.000000 0.000000 0.000000 1.000000
Doll001.xyz Doll004.xyz 0.128993 0.247258 -0.960325 1.079860 -0.273628 0.939695 0.205192 -0.239773 0.953147 0.236302 0.188870 0.941243 0.000000 0.000000 0.000000 1.000000
Doll001.xyz Doll009.xyz -0.497351 -0.151525 0.854213 -0.995790 0.234129 0.924652 0.300337 -0.325053 -0.835360 0.349368 -0.424401 1.559246 0.000000 0.000000 0.000000 1.000000
Doll001.xyz Doll010.xyz -0.224669 -0.183380 0.957024 -1.095284 0.253238 0.937400 0.239069 -0.258104 -0.940954 0.296066 -0.164165 1.270390 0.000000 0.000000 0.000000 1.000000
Doll001.xyz Doll011.xyz 0.262442 -0.181645 0.947696 -1.049928 0.233926 0.964803 0.120144 -0.124642 -0.936165 0.190161 0.295697 0.752675 0.000000 0.000000 0.000000 1.000000
Doll001.xyz Doll012.xyz 0.570789 -0.169176 0.803478 -0.873577 0.207636 0.976479 0.058098 -0.059156 -0.794410 0.133669 0.592490 0.443813 0.000000 0.000000 0.000000 1.000000
Doll001.xyz Doll013.xyz 0.768148 -0.154808 0.621276 -0.666341 0.175340 0.984098 0.028426 -0.027042 -0.615798 0.087100 0.783075 0.219960 0.000000 0.000000 0.000000 1.000000
Doll001.xyz Doll014.xyz 0.950098 -0.115784 0.289668 -0.277703 0.277224 0.739166 -0.613824 0.699612 -0.143042 0.663497 0.734377 0.267745 0.000000 0.000000 0.000000 1.000000
Doll002.xyz Doll003.xyz 0.774731 0.199138 -0.600114 0.676443 -0.192739 0.978318 0.075817 -0.091427 0.602201 0.056927 0.796313 0.245850 0.000000 0.000000 0.000000 1.000000
Doll002.xyz Doll004.xyz 0.426631 0.272446 -0.862415 0.973658 -0.261983 0.949897 0.170481 -0.200500 0.865651 0.153205 0.476629 0.614953 0.000000 0.000000 0.000000 1.000000
Doll002.xyz Doll005.xyz -0.299053 0.270638 -0.915052 1.016683 -0.252372 0.902361 0.349363 -0.405963 0.920259 0.335413 -0.201552 1.392059 0.000000 0.000000 0.000000 1.000000
Doll002.xyz Doll010.xyz -0.512627 -0.201153 0.834717 -0.961393 0.229185 0.904841 0.358801 -0.393773 -0.827459 0.375235 -0.417743 1.558406 0.000000 0.000000 0.000000 1.000000
Doll002.xyz Doll011.xyz -0.046080 -0.237430 0.970311 -1.080005 0.248228 0.938155 0.241350 -0.261413 -0.967606 0.251979 0.015707 1.068389 0.000000 0.000000 0.000000 1.000000
Doll002.xyz Doll012.xyz 0.291464 -0.243841 0.924980 -1.014899 0.242561 0.954202 0.175111 -0.190888 -0.925318 0.173325 0.337262 0.730101 0.000000 0.000000 0.000000 1.000000
Doll002.xyz Doll013.xyz 0.534884 -0.238184 0.810659 -0.883643 0.221209 0.965456 0.137709 -0.149883 -0.815455 0.105666 0.569093 0.458656 0.000000 0.000000 0.000000 1.000000
Doll002.xyz Doll014.xyz 0.810029 -0.201104 0.550826 -0.574691 0.495193 0.737708 -0.458881 0.527773 -0.314065 0.644473 0.697149 0.307192 0.000000 0.000000 0.000000 1.000000
Doll003.xyz Doll004.xyz 0.902326 0.118924 -0.414326 0.476022 -0.116114 0.992719 0.032065 -0.039076 0.415122 0.019175 0.909563 0.112284 0.000000 0.000000 0.000000 1.000000
Doll003.xyz Doll005.xyz 0.371346 0.253031 -0.893351 1.008254 -0.225484 0.957923 0.177593 -0.209517 0.900700 0.135489 0.412775 0.693694 0.000000 0.000000 0.000000 1.000000
Doll003.xyz Doll006.xyz -0.212884 0.286498 -0.934130 1.035334 -0.220640 0.917254 0.331606 -0.380712 0.951841 0.276700 -0.132057 1.305349 0.000000 0.000000 0.000000 1.000000
Doll003.xyz Doll007.xyz -0.614264 0.241905 -0.751107 0.801128 -0.163892 0.891985 0.421309 -0.473949 0.771893 0.381896 -0.508269 1.705469 0.000000 0.000000 0.000000 1.000000
Doll003.xyz Doll012.xyz -0.377846 -0.224600 0.898212 -1.000668 0.272849 0.900036 0.339833 -0.376715 -0.884751 0.373482 -0.278793 1.431272 0.000000 0.000000 0.000000 1.000000
Doll003.xyz Doll013.xyz -0.119530 -0.274649 0.954086 -1.062461 0.280994 0.912326 0.297831 -0.329770 -0.952237 0.303692 -0.031875 1.138392 0.000000 0.000000 0.000000 1.000000
Doll003.xyz Doll014.xyz 0.256947 -0.311105 0.914981 -1.001893 0.805928 0.591476 -0.025213 0.042885 -0.533346 0.743887 0.402707 0.636976 0.000000 0.000000 0.000000 1.000000
Doll004.xyz Doll005.xyz 0.735304 0.179425 -0.653554 0.738628 -0.163121 0.982824 0.086298 -0.103152 0.657813 0.043155 0.751944 0.297816 0.000000 0.000000 0.000000 1.000000
Doll004.xyz Doll006.xyz 0.229016 0.279177 -0.932531 1.041935 -0.227398 0.946827 0.227613 -0.261025 0.946490 0.159929 0.280323 0.829573 0.000000 0.000000 0.000000 1.000000
Doll004.xyz Doll007.xyz -0.214295 0.287383 -0.933536 1.019187 -0.216364 0.918029 0.332277 -0.372391 0.952504 0.273190 -0.134550 1.277840 0.000000 0.000000 0.000000 1.000000
Doll004.xyz Doll008.xyz -0.520572 0.266787 -0.811067 0.873984 -0.163467 0.901215 0.401360 -0.446453 0.838022 0.341519 -0.425537 1.587810 0.000000 0.000000 0.000000 1.000000
Doll004.xyz Doll014.xyz -0.184248 -0.309336 0.932933 -1.031027 0.807996 0.492782 0.322968 -0.358746 -0.559637 0.813311 0.159149 0.917287 0.000000 0.000000 0.000000 1.000000
Doll005.xyz Doll006.xyz 0.827948 0.156551 -0.538513 0.606916 -0.146079 0.987301 0.062426 -0.069875 0.541448 0.026980 0.840302 0.182171 0.000000 0.000000 0.000000 1.000000
Doll005.xyz Doll007.xyz 0.504109 0.236843 -0.830531 0.918614 -0.211537 0.966230 0.147142 -0.160296 0.837335 0.101513 0.537185 0.509850 0.000000 0.000000 0.000000 1.000000
Doll005.xyz Doll008.xyz 0.195165 0.277130 -0.940803 1.038602 -0.220808 0.947038 0.233160 -0.255108 0.955592 0.162232 0.246020 0.825449 0.000000 0.000000 0.000000 1.000000
Doll005.xyz Doll009.xyz -0.419815 0.286390 -0.861241 0.964456 -0.192015 0.899407 0.392679 -0.436787 0.887067 0.330224 -0.322594 1.476959 0.000000 0.000000 0.000000 1.000000
Doll005.xyz Doll010.xyz -0.664948 0.239480 -0.707457 0.796689 -0.151976 0.884004 0.442086 -0.495799 0.731265 0.401481 -0.551421 1.745538 0.000000 0.000000 0.000000 1.000000
Doll006.xyz Doll007.xyz 0.901704 0.108349 -0.418558 0.455176 -0.103115 0.994047 0.035177 -0.034663 0.419878 0.011441 0.907508 0.090497 0.000000 0.000000 0.000000 1.000000
Doll006.xyz Doll008.xyz 0.711606 0.186371 -0.677409 0.743145 -0.160117 0.981822 0.101920 -0.107892 0.684090 0.035939 0.728510 0.280062 0.000000 0.000000 0.000000 1.000000
Doll006.xyz Doll009.xyz 0.161040 0.290316 -0.943282 1.058843 -0.229638 0.940548 0.250269 -0.277286 0.959860 0.176310 0.218133 0.866987 0.000000 0.000000 0.000000 1.000000
Doll006.xyz Doll010.xyz -0.132075 0.289410 -0.948049 1.069778 -0.225505 0.922577 0.313049 -0.351499 0.965247 0.255138 -0.056586 1.187850 0.000000 0.000000 0.000000 1.000000
Doll007.xyz Doll008.xyz 0.945385 0.088054 -0.313836 0.344282 -0.080659 0.996074 0.036497 -0.039954 0.315816 -0.009190 0.948775 0.050130 0.000000 0.000000 0.000000 1.000000
Doll007.xyz Doll009.xyz 0.571484 0.238800 -0.785098 0.878044 -0.209911 0.967432 0.141462 -0.161008 0.793311 0.083957 0.602999 0.454231 0.000000 0.000000 0.000000 1.000000
Doll007.xyz Doll010.xyz 0.309078 0.267957 -0.912508 1.020960 -0.234409 0.951350 0.199965 -0.229922 0.921695 0.152096 0.356852 0.741295 0.000000 0.000000 0.000000 1.000000
Doll008.xyz Doll009.xyz 0.807692 0.163113 -0.566593 0.634891 -0.157657 0.985728 0.059032 -0.070305 0.568135 0.041646 0.821881 0.219095 0.000000 0.000000 0.000000 1.000000
Doll008.xyz Doll010.xyz 0.602170 0.208671 -0.770616 0.860613 -0.200593 0.973819 0.106949 -0.127315 0.772757 0.090179 0.628262 0.447357 0.000000 0.000000 0.000000 1.000000
Doll008.xyz Doll011.xyz 0.153466 0.262294 -0.952707 1.065444 -0.232613 0.946624 0.223149 -0.256505 0.960385 0.187366 0.206288 0.919513 0.000000 0.000000 0.000000 1.000000
Doll008.xyz Doll012.xyz -0.186890 0.248711 -0.950376 1.055376 -0.234327 0.928210 0.288991 -0.332760 0.954024 0.276708 -0.115193 1.294869 0.000000 0.000000 0.000000 1.000000
Doll008.xyz Doll013.xyz -0.441271 0.208224 -0.872883 0.957004 -0.217278 0.918973 0.329059 -0.376670 0.870672 0.334861 -0.360273 1.547563 0.000000 0.000000 0.000000 1.000000
Doll009.xyz Doll010.xyz 0.957031 0.065265 -0.282550 0.319497 -0.063772 0.997860 0.014493 -0.019847 0.282891 0.004150 0.959143 0.057900 0.000000 0.000000 0.000000 1.000000
Doll009.xyz Doll011.xyz 0.706534 0.178115 -0.684898 0.779452 -0.159907 0.982960 0.090670 -0.105740 0.689377 0.045459 0.722976 0.326629 0.000000 0.000000 0.000000 1.000000
Doll009.xyz Doll012.xyz 0.428095 0.218522 -0.876916 0.991074 -0.201601 0.968966 0.143044 -0.167983 0.880961 0.115551 0.458864 0.643144 0.000000 0.000000 0.000000 1.000000
Doll009.xyz Doll013.xyz 0.172121 0.223293 -0.959435 1.073632 -0.212039 0.959538 0.185277 -0.215181 0.961984 0.171547 0.212505 0.902310 0.000000 0.000000 0.000000 1.000000
Doll009.xyz Doll014.xyz -0.207549 0.202383 -0.957060 1.073697 -0.774217 0.564024 0.287168 -0.335774 0.597922 0.800574 0.039626 1.061592 0.000000 0.000000 0.000000 1.000000
Doll010.xyz Doll011.xyz 0.881316 0.122752 -0.456304 0.526731 -0.114501 0.992367 0.045808 -0.052114 0.458444 0.011876 0.888645 0.128941 0.000000 0.000000 0.000000 1.000000
Doll010.xyz Doll012.xyz 0.671734 0.178046 -0.719077 0.821626 -0.170114 0.981821 0.084189 -0.099021 0.720994 0.065773 0.689811 0.374154 0.000000 0.000000 0.000000 1.000000
Doll010.xyz Doll013.xyz 0.450387 0.197935 -0.870617 0.984072 -0.192653 0.973690 0.121705 -0.141351 0.871800 0.112912 0.476670 0.598415 0.000000 0.000000 0.000000 1.000000
Doll010.xyz Doll014.xyz 0.084995 0.201316 -0.975832 1.107038 -0.785276 0.616350 0.058756 -0.076050 0.613282 0.761304 0.210475 0.868573 0.000000 0.000000 0.000000 1.000000
Doll011.xyz Doll012.xyz 0.941983 0.066833 -0.328937 0.371351 -0.067821 0.997661 0.008486 -0.012400 0.328735 0.014314 0.944313 0.079984 0.000000 0.000000 0.000000 1.000000
Doll011.xyz Doll013.xyz 0.818496 0.104972 -0.564840 0.631247 -0.105801 0.993891 0.031395 -0.037875 0.564685 0.034063 0.824602 0.196427 0.000000 0.000000 0.000000 1.000000
Doll011.xyz Doll014.xyz 0.544895 0.145346 -0.825810 0.934080 -0.643230 0.704252 -0.300472 0.338203 0.537906 0.694912 0.477234 0.559921 0.000000 0.000000 0.000000 1.000000
Doll012.xyz Doll013.xyz 0.963824 0.044423 -0.262816 0.294902 -0.043564 0.999010 0.009094 -0.010037 0.262959 0.002685 0.964803 0.021641 0.000000 0.000000 0.000000 1.000000
Doll012.xyz Doll014.xyz 0.794637 0.101043 -0.598618 0.688124 -0.460009 0.743680 -0.485111 0.557051 0.396163 0.660857 0.637435 0.370015 0.000000 0.000000 0.000000 1.000000
Doll013.xyz Doll014.xyz 0.927703 0.060881 -0.368320 0.423125 -0.282836 0.758571 -0.587004 0.660777 0.243660 0.648740 0.720948 0.289068 0.000000 0.000000 0.000000 1.000000
duck000.xyz duck001.xyz 0.893851 0.138114 -0.426564 0.374689 -0.132240 0.990262 0.043528 -0.035594 0.428421 0.017501 0.903410 0.077426 0.000000 0.000000 0.000000 1.000000
duck000.xyz duck002.xyz 0.602734 0.253016 -0.756767 0.734535 -0.230224 0.963206 0.138674 -0.129196 0.764009 0.090642 0.638807 0.334017 0.000000 0.000000 0.000000 1.000000
duck000.xyz duck003.xyz 0.269526 0.314880 -0.910059 0.933745 -0.269842 0.931866 0.242508 -0.233174 0.924414 0.180209 0.336130 0.635311 0.000000 0.000000 0.000000 1.000000
duck000.xyz duck004.xyz -0.201258 0.328211 -0.922915 0.960897 -0.277184 0.884602 0.375031 -0.368005 0.939502 0.331294 -0.087058 1.067737 0.000000 0.000000 0.000000 1.000000
duck000.xyz duck005.xyz -0.528344 0.288991 -0.798334 0.852171 -0.223715 0.859675 0.459252 -0.462217 0.819027 0.421242 -0.389553 1.400688 0.000000 0.000000 0.000000 1.000000
duck000.xyz duck010.xyz 0.085046 -0.289455 0.953407 -0.964572 0.275190 0.926476 0.256732 -0.284940 -0.957622 0.240533 0.158448 0.941939 0.000000 0.000000 0.000000 1.000000
duck000.xyz duck011.xyz 0.471775 -0.268048 0.839988 -0.853231 0.278987 0.949104 0.146177 -0.160376 -0.836419 0.165384 0.522545 0.524247 0.000000 0.000000 0.000000 1.000000
duck000.xyz duck012.xyz 0.788487 -0.175808 0.589389 -0.570225 0.180176 0.982261 0.051956 -0.071353 -0.588069 0.065228 0.806178 0.256630 0.000000 0.000000 0.000000 1.000000
duck000.xyz duck013.xyz 0.160705 -0.336227 0.927969 -0.882487 0.751987 0.650677 0.105527 -0.212912 -0.639289 0.680861 0.357405 0.776833 0.000000 0.000000 0.000000 1.000000
duck000.xyz duck014.xyz -0.001528 0.303428 -0.952853 0.975688 0.589000 0.770306 0.244354 -0.301219 0.808133 -0.560857 -0.179896 1.051420 0.000000 0.000000 0.000000 1.000000
duck000.xyz duck015.xyz 0.172971 -0.286015 0.942485 -1.052732 -0.597408 0.730318 0.331270 -0.329831 -0.783062 -0.620348 -0.044544 0.983093 0.000000 0.000000 0.000000 1.000000
duck001.xyz duck002.xyz 0.896507 0.137907 -0.421018 0.436130 -0.131906 0.990306 0.043503 -0.047892 0.422936 0.016533 0.906008 0.105987 0.000000 0.000000 0.000000 1.000000
duck001.xyz duck003.xyz 0.672602 0.236559 -0.701174 0.744437 -0.215939 0.969030 0.119787 -0.127048 0.707796 0.070842 0.702855 0.318209 0.000000 0.000000 0.000000 1.000000
duck001.xyz duck004.xyz 0.259118 0.311456 -0.914249 0.945681 -0.285558 0.928966 0.235536 -0.246181 0.922665 0.200040 0.329652 0.703620 0.000000 0.000000 0.000000 1.000000
duck001.xyz duck005.xyz -0.091806 0.321295 -0.942519 0.970982 -0.277133 0.900876 0.334094 -0.352180 0.956435 0.291876 0.006335 1.052220 0.000000 0.000000 0.000000 1.000000
duck001.xyz duck006.xyz -0.447617 0.293835 -0.844571 0.876015 -0.244952 0.868056 0.431830 -0.433941 0.860021 0.400174 -0.316581 1.327020 0.000000 0.000000 0.000000 1.000000
duck001.xyz duck011.xyz 0.026367 -0.291262 0.956280 -0.947519 0.318105 0.909331 0.268192 -0.267965 -0.947689 0.297125 0.116627 0.880882 0.000000 0.000000 0.000000 1.000000
duck001.xyz duck012.xyz 0.429095 -0.252710 0.867187 -0.807140 0.274552 0.951130 0.141320 -0.151313 -0.860521 0.177449 0.477509 0.548402 0.000000 0.000000 0.000000 1.000000
duck001.xyz duck014.xyz 0.446994 0.259200 -0.856161 0.883719 0.528635 0.695551 0.486573 -0.512210 0.721623 -0.670092 0.173886 0.743721 0.000000 0.000000 0.000000 1.000000
duck001.xyz duck015.xyz -0.286922 -0.265079 0.920548 -1.025935 -0.574433 0.816625 0.056111 -0.089875 -0.766618 -0.512694 -0.386579 1.282020 0.000000 0.000000 0.000000 1.000000
duck002.xyz duck003.xyz 0.930823 0.115043 -0.346891 0.380753 -0.110387 0.993334 0.033221 -0.034853 0.348400 0.007370 0.937317 0.067271 0.000000 0.000000 0.000000 1.000000
duck002.xyz duck004.xyz 0.660169 0.234485 -0.713578 0.744622 -0.227060 0.967876 0.107984 -0.112245 0.715974 0.090737 0.692204 0.322344 0.000000 0.000000 0.000000 1.000000
duck002.xyz duck005.xyz 0.358821 0.289287 -0.887446 0.922401 -0.264875 0.943235 0.200376 -0.212725 0.895036 0.163164 0.415077 0.625690 0.000000 0.000000 0.000000 1.000000
duck002.xyz duck006.xyz -0.005191 0.313289 -0.949645 0.993932 -0.281699 0.910740 0.301994 -0.299474 0.959489 0.269082 0.083526 0.912593 0.000000 0.000000 0.000000 1.000000
duck002.xyz duck012.xyz -0.015265 -0.269134 0.962981 -0.915435 0.317808 0.911845 0.259881 -0.273792 -0.948032 0.310011 0.071615 0.969124 0.000000 0.000000 0.000000 1.000000
duck002.xyz duck014.xyz 0.796938 0.160480 -0.582354 0.605558 0.364991 0.640248 0.675918 -0.712369 0.481321 -0.751219 0.451664 0.449955 0.000000 0.000000 0.000000 1.000000
duck003.xyz duck004.xyz 0.889010 0.136341 -0.437117 0.440286 -0.137465 0.990075 0.029240 -0.027365 0.436765 0.034093 0.898928 0.096761 0.000000 0.000000 0.000000 1.000000
duck003.xyz duck005.xyz 0.675126 0.218267 -0.704673 0.720357 -0.207549 0.972842 0.102485 -0.106688 0.707905 0.077064 0.702091 0.311609 0.000000 0.000000 0.000000 1.000000
duck003.xyz duck006.xyz 0.360632 0.280225 -0.889617 0.926233 -0.262197 0.945797 0.191632 -0.179570 0.895096 0.164146 0.414559 0.549616 0.000000 0.000000 0.000000 1.000000
duck003.xyz duck007.xyz -0.345915 0.239728 -0.907123 0.950525 -0.261399 0.903907 0.338557 -0.322664 0.901118 0.354232 -0.250010 1.209372 0.000000 0.000000 0.000000 1.000000
duck003.xyz duck014.xyz 0.962283 0.052091 -0.267014 0.258944 0.178928 0.618143 0.765431 -0.810444 0.204925 -0.784338 0.585509 0.305205 0.000000 0.000000 0.000000 1.000000
duck004.xyz duck005.xyz 0.937978 0.102691 -0.331138 0.342229 -0.096672 0.994714 0.034644 -0.040257 0.332946 -0.000483 0.942947 0.073764 0.000000 0.000000 0.000000 1.000000
duck004.xyz duck006.xyz 0.747680 0.201857 -0.632638 0.663778 -0.187910 0.978055 0.089990 -0.078778 0.636919 0.051596 0.769203 0.196172 0.000000 0.000000 0.000000 1.000000
duck004.xyz duck007.xyz 0.121683 0.258375 -0.958350 0.996750 -0.257135 0.940768 0.220986 -0.205090 0.958685 0.219535 0.180913 0.775779 0.000000 0.000000 0.000000 1.000000
duck004.xyz duck014.xyz 0.979299 -0.088512 0.182042 -0.192265 -0.091235 0.609793 0.787293 -0.829766 -0.180694 -0.787603 0.589095 0.306208 0.000000 0.000000 0.000000 1.000000
duck005.xyz duck006.xyz 0.931526 0.106594 -0.347705 0.374922 -0.105618 0.994168 0.021819 -0.004221 0.348001 0.016399 0.937350 0.008594 0.000000 0.000000 0.000000 1.000000
duck005.xyz duck007.xyz 0.458015 0.212045 -0.863283 0.912220 -0.217756 0.968308 0.122311 -0.100609 0.861861 0.131964 0.489673 0.450017 0.000000 0.000000 0.000000 1.000000
duck005.xyz duck008.xyz 0.038926 0.263673 -0.963826 1.038037 -0.251419 0.936111 0.245936 -0.248896 0.967096 0.232751 0.102730 0.909380 0.000000 0.000000 0.000000 1.000000
duck005.xyz duck013.xyz -0.922903 0.101174 -0.371503 0.471107 -0.293515 0.439603 0.848880 -0.948613 0.249198 0.892476 -0.376015 1.503670 0.000000 0.000000 0.000000 1.000000
duck005.xyz duck014.xyz 0.849190 -0.176408 0.497750 -0.526699 -0.283660 0.642664 0.711702 -0.759316 -0.445438 -0.745562 0.495704 0.392071 0.000000 0.000000 0.000000 1.000000
duck006.xyz duck007.xyz 0.749421 0.143598 -0.646332 0.637406 -0.142157 0.988328 0.054748 -0.043610 0.646651 0.050851 0.761090 0.201248 0.000000 0.000000 0.000000 1.000000
duck006.xyz duck008.xyz 0.399492 0.236994 -0.885573 0.896870 -0.219932 0.962571 0.158385 -0.163737 0.889964 0.131493 0.436663 0.572515 0.000000 0.000000 0.000000 1.000000
duck006.xyz duck009.xyz -0.104710 0.296276 -0.949345 0.965554 -0.238913 0.919144 0.313201 -0.322458 0.965379 0.259606 -0.025459 1.045912 0.000000 0.000000 0.000000 1.000000
duck006.xyz duck013.xyz -0.719750 0.189953 -0.667742 0.747498 -0.521716 0.486561 0.700764 -0.756979 0.458008 0.852746 -0.251101 1.337710 0.000000 0.000000 0.000000 1.000000
duck006.xyz duck014.xyz 0.599168 -0.254208 0.759194 -0.758938 -0.443193 0.684403 0.578940 -0.595240 -0.666767 -0.683352 0.297409 0.636616 0.000000 0.000000 0.000000 1.000000
duck007.xyz duck008.xyz 0.905795 0.128953 -0.403617 0.406362 -0.128969 0.991275 0.027275 -0.043791 0.403613 0.027349 0.914522 0.132398 0.000000 0.000000 0.000000 1.000000
duck007.xyz duck009.xyz 0.577665 0.255728 -0.775181 0.764502 -0.249492 0.959528 0.130621 -0.147872 0.777212 0.117946 0.618088 0.431268 0.000000 0.000000 0.000000 1.000000
duck007.xyz duck010.xyz -0.005706 0.306524 -0.951846 0.930025 -0.302154 0.906842 0.293842 -0.307989 0.953243 0.289279 0.087443 0.950877 0.000000 0.000000 0.000000 1.000000
duck007.xyz duck011.xyz -0.399838 0.258809 -0.879288 0.881404 -0.314568 0.862299 0.396851 -0.394913 0.860918 0.435270 -0.263366 1.249600 0.000000 0.000000 0.000000 1.000000
duck007.xyz duck012.xyz -0.737002 0.191033 -0.648332 0.706833 -0.224138 0.835870 0.501084 -0.508927 0.637644 0.514616 -0.573219 1.586199 0.000000 0.000000 0.000000 1.000000
duck007.xyz duck013.xyz -0.080537 0.253496 -0.963978 1.003886 -0.774044 0.593415 0.220719 -0.282139 0.627989 0.763938 0.148425 0.940871 0.000000 0.000000 0.000000 1.000000
duck007.xyz duck015.xyz -0.094233 0.302991 -0.948323 0.833089 0.582055 0.789563 0.194428 -0.234831 0.807672 -0.533656 -0.250760 1.140442 0.000000 0.000000 0.000000 1.000000
duck008.xyz duck009.xyz 0.869100 0.157852 -0.468773 0.480310 -0.154975 0.986893 0.045000 -0.047637 0.469733 0.033538 0.882171 0.125058 0.000000 0.000000 0.000000 1.000000
duck008.xyz duck010.xyz 0.418541 0.278624 -0.864403 0.886592 -0.275349 0.945910 0.171573 -0.177391 0.865452 0.166201 0.472620 0.543894 0.000000 0.000000 0.000000 1.000000
duck008.xyz duck011.xyz 0.026100 0.284135 -0.958429 1.010135 -0.333913 0.906167 0.259548 -0.253905 0.942243 0.313257 0.118527 0.864734 0.000000 0.000000 0.000000 1.000000
duck008.xyz duck012.xyz -0.381260 0.266733 -0.885151 0.990635 -0.297481 0.871148 0.390647 -0.401614 0.875298 0.412254 -0.252786 1.282033 0.000000 0.000000 0.000000 1.000000
duck008.xyz duck013.xyz 0.348817 0.235378 -0.907151 0.992552 -0.713688 0.694084 -0.094332 0.050761 0.607434 0.680327 0.410094 0.669530 0.000000 0.000000 0.000000 1.000000
duck008.xyz duck015.xyz 0.336476 0.286634 -0.897008 0.827671 0.550564 0.712908 0.434326 -0.484844 0.763979 -0.640003 0.082066 0.791098 0.000000 0.000000 0.000000 1.000000
duck009.xyz duck010.xyz 0.812944 0.171210 -0.556605 0.573890 -0.170420 0.983904 0.053742 -0.055387 0.556848 0.051167 0.829037 0.175195 0.000000 0.000000 0.000000 1.000000
duck009.xyz duck011.xyz 0.516821 0.233236 -0.823709 0.876022 -0.268832 0.957717 0.102508 -0.091979 0.812789 0.168461 0.557669 0.412627 0.000000 0.000000 0.000000 1.000000
duck009.xyz duck012.xyz 0.125687 0.282491 -0.950999 1.062653 -0.304153 0.923411 0.234098 -0.240814 0.944296 0.259826 0.201981 0.815597 0.000000 0.000000 0.000000 1.000000
duck009.xyz duck013.xyz 0.765561 0.137413 -0.628518 0.709992 -0.466483 0.791345 -0.395180 0.361935 0.443071 0.595728 0.669922 0.401318 0.000000 0.000000 0.000000 1.000000
duck009.xyz duck015.xyz 0.758171 0.190366 -0.623648 0.550575 0.387429 0.637785 0.665678 -0.723796 0.524478 -0.746319 0.409797 0.452385 0.000000 0.000000 0.000000 1.000000
duck010.xyz duck011.xyz 0.918559 0.097139 -0.383161 0.421379 -0.111631 0.993626 -0.015711 0.029872 0.379192 0.057205 0.923548 0.036380 0.000000 0.000000 0.000000 1.000000
duck010.xyz duck012.xyz 0.679873 0.205416 -0.703971 0.807190 -0.219462 0.972964 0.071959 -0.073584 0.699720 0.105573 0.706573 0.296093 0.000000 0.000000 0.000000 1.000000
duck010.xyz duck013.xyz 0.995720 -0.029043 -0.087733 0.152320 -0.023778 0.836868 -0.546888 0.517744 0.089305 0.546635 0.832596 0.234478 0.000000 0.000000 0.000000 1.000000
duck010.xyz duck015.xyz 0.996068 0.024579 -0.085101 -0.004788 0.053633 0.597270 0.800245 -0.861693 0.070498 -0.801665 0.593603 0.263529 0.000000 0.000000 0.000000 1.000000
duck011.xyz duck012.xyz 0.914192 0.139273 -0.380597 0.431655 -0.134648 0.990129 0.038897 -0.047838 0.382259 0.015689 0.923923 0.100937 0.000000 0.000000 0.000000 1.000000
duck011.xyz duck013.xyz 0.945423 -0.138632 0.294883 -0.252648 0.268997 0.842780 -0.466221 0.396181 -0.183888 0.520099 0.834076 0.266084 0.000000 0.000000 0.000000 1.000000
duck011.xyz duck015.xyz 0.949944 -0.085432 0.300513 -0.413455 -0.199339 0.574902 0.793568 -0.823739 -0.240562 -0.813750 0.529095 0.369956 0.000000 0.000000 0.000000 1.000000
duck012.xyz duck013.xyz 0.732760 -0.253094 0.631670 -0.644814 0.540735 0.780108 -0.314704 0.231854 -0.413121 0.572168 0.708487 0.400269 0.000000 0.000000 0.000000 1.000000
duck012.xyz duck014.xyz -0.616151 0.248264 -0.747477 0.833882 0.473013 0.875461 -0.099135 0.056413 0.629777 -0.414648 -0.656848 1.549514 0.000000 0.000000 0.000000 1.000000
duck012.xyz duck015.xyz 0.742159 -0.200808 0.639434 -0.807961 -0.404197 0.626935 0.666015 -0.686500 -0.534626 -0.752748 0.384120 0.525948 0.000000 0.000000 0.000000 1.000000
duck013.xyz duck015.xyz 0.998559 0.043427 0.031534 -0.186767 -0.034151 0.060915 0.997558 -1.121935 0.041399 -0.997198 0.062311 0.758906 0.000000 0.000000 0.000000 1.000000
duck014.xyz duck015.xyz -0.985099 0.111859 0.130647 -0.195255 -0.093140 0.291642 -0.951982 0.849825 -0.144591 -0.949965 -0.276877 1.129136 0.000000 0.000000 0.000000 1.000000
Frog000.xyz Frog001.xyz 0.847285 -0.160750 0.506228 -0.502377 0.165044 0.985602 0.036734 -0.045114 -0.504845 0.052425 0.861616 0.163422 0.000000 0.000000 0.000000 1.000000
Frog000.xyz Frog002.xyz 0.643340 -0.225025 0.731762 -0.727160 0.238250 0.967212 0.087966 -0.094847 -0.727564 0.117751 0.675859 0.344885 0.000000 0.000000 0.000000 1.000000
Frog000.xyz Frog003.xyz 0.106488 -0.277028 0.954942 -0.949007 0.319695 0.918947 0.230935 -0.236190 -0.941517 0.280699 0.186422 0.829658 0.000000 0.000000 0.000000 1.000000
Frog000.xyz Frog004.xyz -0.424798 -0.237380 0.873611 -0.862893 0.305860 0.870631 0.385295 -0.390926 -0.852054 0.430875 -0.297236 1.315703 0.000000 0.000000 0.000000 1.000000
Frog000.xyz Frog010.xyz -0.158909 0.307810 -0.938083 1.029043 -0.250811 0.906400 0.339901 -0.338345 0.954904 0.289296 -0.066833 1.053248 0.000000 0.000000 0.000000 1.000000
Frog000.xyz Frog011.xyz 0.419577 0.265125 -0.868138 0.956892 -0.235860 0.955388 0.177778 -0.172182 0.876542 0.130168 0.463389 0.509378 0.000000 0.000000 0.000000 1.000000
Frog000.xyz Frog012.xyz 0.778094 0.165723 -0.605892 0.690804 -0.152933 0.985524 0.073161 -0.062130 0.609246 0.035735 0.792173 0.168045 0.000000 0.000000 0.000000 1.000000
Frog000.xyz Frog013.xyz 0.936522 0.079653 -0.341443 0.419720 -0.076049 0.996817 0.023950 -0.014813 0.342262 0.003536 0.939596 0.022864 0.000000 0.000000 0.000000 1.000000
Frog000.xyz Frog014.xyz 0.990629 -0.136491 -0.004815 0.035767 0.057711 0.386396 0.920525 -1.020552 -0.123782 -0.912179 0.390652 0.475000 0.000000 0.000000 0.000000 1.000000
Frog000.xyz Frog015.xyz 0.373923 -0.470250 0.799404 -0.792672 -0.721620 0.393942 0.569275 -0.634164 -0.582619 -0.789732 -0.192036 1.065448 0.000000 0.000000 0.000000 1.000000
Frog000.xyz Frog017.xyz -0.995011 0.095280 -0.029567 0.082960 -0.011715 0.182741 0.983091 -1.087697 0.099072 0.978534 -0.180713 1.169865 0.000000 0.000000 0.000000 1.000000
Frog000.xyz Frog018.xyz 0.998962 -0.003299 0.045426 -0.005739 0.031097 0.778125 -0.627339 0.597192 -0.033279 0.628101 0.777419 0.159153 0.000000 0.000000 0.000000 1.000000
Frog001.xyz Frog002.xyz 0.951704 -0.088724 0.293915 -0.301080 0.090918 0.995839 0.006220 -0.005263 -0.293244 0.020803 0.955812 0.042304 0.000000 0.000000 0.000000 1.000000
Frog001.xyz Frog003.xyz 0.618177 -0.220384 0.754512 -0.771695 0.240059 0.966963 0.085758 -0.085981 -0.748484 0.128114 0.650660 0.353085 0.000000 0.000000 0.000000 1.000000
Frog001.xyz Frog004.xyz 0.120481 -0.271981 0.954731 -0.970660 0.314245 0.922729 0.223208 -0.227906 -0.941666 0.273126 0.196640 0.822818 0.000000 0.000000 0.000000 1.000000
Frog001.xyz Frog011.xyz -0.126594 0.298666 -0.945925 1.061353 -0.263423 0.909235 0.322336 -0.316177 0.956338 0.289984 -0.036429 1.008857 0.000000 0.000000 0.000000 1.000000
Frog001.xyz Frog012.xyz 0.325908 0.269499 -0.906176 1.014779 -0.250965 0.948781 0.191911 -0.176768 0.911482 0.164873 0.376849 0.571805 0.000000 0.000000 0.000000 1.000000
Frog001.xyz Frog013.xyz 0.607849 0.220531 -0.762815 0.859699 -0.212549 0.970793 0.111288 -0.095984 0.765076 0.094490 0.636969 0.307389 0.000000 0.000000 0.000000 1.000000
Frog001.xyz Frog014.xyz 0.858850 0.028796 -0.511418 0.552109 0.452781 0.424172 0.784262 -0.902114 0.239513 -0.905123 0.351262 0.497089 0.000000 0.000000 0.000000 1.000000
Frog001.xyz Frog015.xyz 0.797093 -0.372399 0.475354 -0.486714 -0.386561 0.290083 0.875456 -0.958345 -0.463910 -0.881573 0.087268 0.778358 0.000000 0.000000 0.000000 1.000000
Frog001.xyz Frog017.xyz -0.873343 -0.071399 0.481846 -0.437753 0.458368 0.214290 0.862543 -0.988714 -0.164839 0.974158 -0.154422 1.156238 0.000000 0.000000 0.000000 1.000000
Frog001.xyz Frog018.xyz 0.869932 0.163290 -0.465354 0.514710 -0.416313 0.749008 -0.515432 0.506070 0.264388 0.642123 0.719567 0.203351 0.000000 0.000000 0.000000 1.000000
Frog002.xyz Frog003.xyz 0.829638 -0.158571 0.535310 -0.545388 0.167878 0.985299 0.031688 -0.031592 -0.532465 0.063577 0.844061 0.157397 0.000000 0.000000 0.000000 1.000000
Frog002.xyz Frog004.xyz 0.419403 -0.253957 0.871554 -0.882592 0.282804 0.948849 0.140389 -0.143705 -0.862626 0.187598 0.469770 0.544213 0.000000 0.000000 0.000000 1.000000
Frog002.xyz Frog005.xyz 0.005798 -0.274425 0.961591 -0.965990 0.313479 0.913635 0.258848 -0.270038 -0.949578 0.299937 0.091325 0.943851 0.000000 0.000000 0.000000 1.000000
Frog002.xyz Frog006.xyz -0.378997 -0.244637 0.892476 -0.863024 0.294374 0.882457 0.366898 -0.378509 -0.877329 0.401774 -0.262433 1.297977 0.000000 0.000000 0.000000 1.000000
Frog002.xyz Frog011.xyz -0.425001 0.280030 -0.860789 0.971282 -0.236633 0.883507 0.404254 -0.399875 0.873717 0.375500 -0.309228 1.286973 0.000000 0.000000 0.000000 1.000000
Frog002.xyz Frog012.xyz 0.019918 0.292373 -0.956097 1.062762 -0.266619 0.923210 0.276762 -0.263891 0.963596 0.249402 0.096340 0.859162 0.000000 0.000000 0.000000 1.000000
Frog002.xyz Frog013.xyz 0.334724 0.270133 -0.902768 1.000090 -0.255708 0.948121 0.188894 -0.175974 0.906959 0.167618 0.386433 0.564991 0.000000 0.000000 0.000000 1.000000
Frog002.xyz Frog014.xyz 0.664504 0.103580 -0.740072 0.784032 0.623787 0.468451 0.625655 -0.738307 0.411494 -0.877397 0.246676 0.605929 0.000000 0.000000 0.000000 1.000000
Frog002.xyz Frog015.xyz 0.931353 -0.295423 0.212859 -0.216862 -0.136320 0.259176 0.956162 -1.038474 -0.337639 -0.919541 0.201112 0.663354 0.000000 0.000000 0.000000 1.000000
Frog002.xyz Frog017.xyz -0.683208 -0.147508 0.715171 -0.674484 0.670733 0.260437 0.694472 -0.814779 -0.288697 0.954157 -0.078995 1.077680 0.000000 0.000000 0.000000 1.000000
Frog002.xyz Frog018.xyz 0.676657 0.238809 -0.696496 0.749160 -0.614156 0.704836 -0.354993 0.339886 0.406140 0.667965 0.623598 0.302766 0.000000 0.000000 0.000000 1.000000
Frog003.xyz Frog004.xyz 0.854774 -0.152198 0.496182 -0.499315 0.159317 0.986824 0.028239 -0.030084 -0.493942 0.054911 0.867759 0.139975 0.000000 0.000000 0.000000 1.000000
Frog003.xyz Frog005.xyz 0.563075 -0.238947 0.791107 -0.790963 0.253761 0.961031 0.109654 -0.118538 -0.786480 0.139009 0.601769 0.424589 0.000000 0.000000 0.000000 1.000000
Frog003.xyz Frog006.xyz 0.202114 -0.276385 0.939553 -0.909408 0.300695 0.930528 0.209045 -0.218020 -0.932058 0.240268 0.271181 0.754552 0.000000 0.000000 0.000000 1.000000
Frog003.xyz Frog007.xyz -0.332506 -0.250263 0.909291 -0.860800 0.298803 0.886523 0.353262 -0.365891 -0.894514 0.389162 -0.219995 1.257263 0.000000 0.000000 0.000000 1.000000
Frog003.xyz Frog012.xyz -0.541645 0.261122 -0.799022 0.901369 -0.219438 0.873648 0.434264 -0.424322 0.811459 0.410553 -0.415908 1.380155 0.000000 0.000000 0.000000 1.000000
Frog003.xyz Frog013.xyz -0.248396 0.293748 -0.923046 1.019183 -0.261373 0.897240 0.355872 -0.346191 0.932729 0.329656 -0.146093 1.107099 0.000000 0.000000 0.000000 1.000000
Frog003.xyz Frog014.xyz 0.138705 0.190161 -0.971905 1.018662 0.778152 0.586109 0.225730 -0.330925 0.612568 -0.787601 -0.066679 0.925629 0.000000 0.000000 0.000000 1.000000
Frog003.xyz Frog015.xyz 0.933476 -0.127982 -0.335028 0.340934 0.357648 0.262779 0.896122 -0.976162 -0.026648 -0.956331 0.291070 0.572795 0.000000 0.000000 0.000000 1.000000
Frog003.xyz Frog016.xyz -0.265233 -0.332894 0.904895 -0.878803 -0.482613 0.858316 0.174300 -0.178766 -0.834708 -0.390482 -0.388311 1.235149 0.000000 0.000000 0.000000 1.000000
Frog003.xyz Frog017.xyz -0.160587 -0.237372 0.958054 -0.920361 0.886924 0.391215 0.245594 -0.357358 -0.433102 0.889161 0.147706 0.846313 0.000000 0.000000 0.000000 1.000000
Frog003.xyz Frog018.xyz 0.150671 0.326823 -0.932998 0.988510 -0.811324 0.580122 0.072191 -0.095635 0.564846 0.746087 0.352567 0.578903 0.000000 0.000000 0.000000 1.000000
Frog003.xyz Frog019.xyz 0.159862 0.329494 -0.930526 0.981024 -0.950800 -0.202019 -0.234879 0.191668 -0.265375 0.922292 0.280987 0.654003 0.000000 0.000000 0.000000 1.000000
Frog004.xyz Frog005.xyz 0.910203 -0.123750 0.395243 -0.395531 0.125051 0.991893 0.022582 -0.029418 -0.394832 0.028872 0.918299 0.099773 0.000000 0.000000 0.000000 1.000000
Frog004.xyz Frog006.xyz 0.681016 -0.214010 0.700297 -0.673829 0.219127 0.972076 0.083972 -0.091115 -0.698712 0.096268 0.708896 0.309343 0.000000 0.000000 0.000000 1.000000
Frog004.xyz Frog007.xyz 0.205046 -0.274260 0.939542 -0.898180 0.295766 0.932422 0.207636 -0.219223 -0.932995 0.235310 0.272306 0.760368 0.000000 0.000000 0.000000 1.000000
Frog004.xyz Frog008.xyz -0.140743 -0.270452 0.952391 -0.892454 0.305687 0.903091 0.301628 -0.310648 -0.941673 0.333585 -0.044430 1.069820 0.000000 0.000000 0.000000 1.000000
Frog004.xyz Frog009.xyz -0.491365 -0.227002 0.840852 -0.765886 0.279409 0.873322 0.399047 -0.406911 -0.824919 0.431018 -0.365694 1.385939 0.000000 0.000000 0.000000 1.000000
Frog004.xyz Frog014.xyz -0.392623 0.182306 -0.901450 0.954284 0.687944 0.708733 -0.156299 0.055776 0.610394 -0.681513 -0.403683 1.266410 0.000000 0.000000 0.000000 1.000000
Frog004.xyz Frog015.xyz 0.651155 0.012962 -0.758835 0.772673 0.710355 0.341603 0.615390 -0.697333 0.267196 -0.939755 0.213227 0.648091 0.000000 0.000000 0.000000 1.000000
Frog004.xyz Frog016.xyz 0.272944 -0.345209 0.897961 -0.878595 -0.456673 0.775040 0.436765 -0.444609 -0.846730 -0.529286 0.053895 0.788896 0.000000 0.000000 0.000000 1.000000
Frog004.xyz Frog017.xyz 0.374231 -0.232772 0.897646 -0.866152 0.820438 0.534298 -0.203491 0.096857 -0.432243 0.812615 0.390927 0.600215 0.000000 0.000000 0.000000 1.000000
Frog004.xyz Frog018.xyz -0.383889 0.320173 -0.866094 0.927692 -0.745972 0.445259 0.495248 -0.524037 0.544202 0.836202 0.067911 0.866282 0.000000 0.000000 0.000000 1.000000
Frog004.xyz Frog019.xyz -0.375212 0.324342 -0.868342 0.924979 -0.898516 -0.357469 0.254728 -0.303384 -0.227785 0.875795 0.425554 0.507048 0.000000 0.000000 0.000000 1.000000
Frog005.xyz Frog006.xyz 0.923134 -0.111300 0.368015 -0.348693 0.112345 0.993494 0.018658 -0.019314 -0.367698 0.024121 0.929633 0.071863 0.000000 0.000000 0.000000 1.000000
Frog005.xyz Frog007.xyz 0.591920 -0.225180 0.773903 -0.747897 0.235886 0.966538 0.100814 -0.107548 -0.770708 0.122880 0.625229 0.396762 0.000000 0.000000 0.000000 1.000000
Frog005.xyz Frog008.xyz 0.281789 -0.264353 0.922341 -0.880799 0.285696 0.940808 0.182363 -0.188165 -0.915956 0.212121 0.340635 0.679785 0.000000 0.000000 0.000000 1.000000
Frog005.xyz Frog009.xyz -0.086810 -0.267620 0.959607 -0.903838 0.303965 0.910194 0.281339 -0.287977 -0.948720 0.316110 0.002333 1.019757 0.000000 0.000000 0.000000 1.000000
Frog005.xyz Frog010.xyz -0.517273 -0.231731 0.823851 -0.751568 0.265939 0.871465 0.412099 -0.418518 -0.813453 0.432261 -0.389159 1.406311 0.000000 0.000000 0.000000 1.000000
Frog005.xyz Frog015.xyz 0.291156 0.077149 -0.953561 0.985244 0.847522 0.441560 0.294504 -0.378505 0.443774 -0.893909 0.063176 0.791017 0.000000 0.000000 0.000000 1.000000
Frog005.xyz Frog016.xyz 0.646066 -0.288001 0.706862 -0.702054 -0.338949 0.721513 0.603768 -0.617688 -0.683896 -0.629662 0.368527 0.463101 0.000000 0.000000 0.000000 1.000000
Frog005.xyz Frog017.xyz 0.724220 -0.163818 0.669829 -0.651351 0.600218 0.627968 -0.495376 0.402161 -0.339480 0.760803 0.553113 0.433136 0.000000 0.000000 0.000000 1.000000
Frog005.xyz Frog019.xyz -0.724862 0.255184 -0.639887 0.709624 -0.672916 -0.461179 0.578360 -0.640815 -0.147514 0.849821 0.506009 0.423215 0.000000 0.000000 0.000000 1.000000
Frog006.xyz Frog007.xyz 0.856293 -0.142776 0.496366 -0.487742 0.147280 0.988632 0.030299 -0.039275 -0.495050 0.047161 0.867585 0.162706 0.000000 0.000000 0.000000 1.000000
Frog006.xyz Frog008.xyz 0.628987 -0.213767 0.747449 -0.719319 0.226136 0.970187 0.087174 -0.096839 -0.743801 0.114194 0.658576 0.375305 0.000000 0.000000 0.000000 1.000000
Frog006.xyz Frog009.xyz 0.302799 -0.257727 0.917546 -0.869170 0.282833 0.943671 0.171729 -0.183470 -0.910121 0.207513 0.358636 0.680640 0.000000 0.000000 0.000000 1.000000
Frog006.xyz Frog010.xyz -0.148531 -0.272965 0.950489 -0.876937 0.300162 0.903361 0.306336 -0.318421 -0.942254 0.330801 -0.052243 1.087897 0.000000 0.000000 0.000000 1.000000
Frog006.xyz Frog015.xyz -0.090735 0.091565 -0.991657 1.026638 0.841613 0.539397 -0.027201 -0.072668 0.532405 -0.837059 -0.126006 0.969551 0.000000 0.000000 0.000000 1.000000
Frog006.xyz Frog016.xyz 0.888597 -0.200357 0.412618 -0.425729 -0.171004 0.690005 0.703316 -0.714532 -0.425623 -0.695522 0.578874 0.259656 0.000000 0.000000 0.000000 1.000000
Frog006.xyz Frog017.xyz 0.933293 -0.068892 0.352449 -0.352577 0.301883 0.682071 -0.666068 0.568465 -0.194509 0.728035 0.657369 0.332132 0.000000 0.000000 0.000000 1.000000
Frog006.xyz Frog019.xyz -0.933036 0.160151 -0.322174 0.410527 -0.357017 -0.522986 0.773967 -0.831026 -0.044541 0.837161 0.545141 0.384677 0.000000 0.000000 0.000000 1.000000
Frog007.xyz Frog008.xyz 0.940125 -0.096054 0.327014 -0.317760 0.098389 0.995102 0.009436 -0.011303 -0.326318 0.023302 0.944973 0.063309 0.000000 0.000000 0.000000 1.000000
Frog007.xyz Frog009.xyz 0.751520 -0.182401 0.633994 -0.612941 0.192693 0.979800 0.053476 -0.059705 -0.630941 0.081978 0.771487 0.250598 0.000000 0.000000 0.000000 1.000000
Frog007.xyz Frog010.xyz 0.383578 -0.262940 0.885286 -0.844218 0.280102 0.946579 0.159780 -0.170623 -0.880006 0.186682 0.436736 0.594954 0.000000 0.000000 0.000000 1.000000
Frog007.xyz Frog011.xyz -0.197842 -0.269575 0.942438 -0.868837 0.304693 0.896903 0.320513 -0.333580 -0.931677 0.350564 -0.095308 1.132225 0.000000 0.000000 0.000000 1.000000
Frog007.xyz Frog016.xyz 0.994314 -0.054706 -0.091366 0.071956 0.104157 0.678283 0.727382 -0.755440 0.022181 -0.732761 0.680125 0.131036 0.000000 0.000000 0.000000 1.000000
Frog007.xyz Frog017.xyz 0.983950 0.080024 -0.159495 0.156430 -0.169499 0.698596 -0.695151 0.626336 0.055793 0.711027 0.700948 0.273223 0.000000 0.000000 0.000000 1.000000
Frog007.xyz Frog019.xyz -0.981732 0.011152 0.189937 -0.098771 0.153131 -0.546171 0.823559 -0.911786 0.112922 0.837599 0.534486 0.385687 0.000000 0.000000 0.000000 1.000000
Frog008.xyz Frog009.xyz 0.931368 -0.101584 0.349621 -0.340272 0.104530 0.994467 0.010487 -0.015913 -0.348752 0.026779 0.936833 0.080771 0.000000 0.000000 0.000000 1.000000
Frog008.xyz Frog010.xyz 0.675368 -0.215558 0.705274 -0.676700 0.224658 0.971012 0.081644 -0.093429 -0.702429 0.103308 0.704217 0.328335 0.000000 0.000000 0.000000 1.000000
Frog008.xyz Frog011.xyz 0.148087 -0.278827 0.948855 -0.885003 0.305110 0.925515 0.224349 -0.240370 -0.940733 0.256283 0.222130 0.822131 0.000000 0.000000 0.000000 1.000000
Frog008.xyz Frog012.xyz -0.305584 -0.264582 0.914666 -0.818974 0.295572 0.886803 0.355270 -0.366969 -0.905127 0.378915 -0.192788 1.227611 0.000000 0.000000 0.000000 1.000000
Frog008.xyz Frog016.xyz 0.910156 0.042529 -0.412077 0.387737 0.270632 0.692075 0.669173 -0.703986 0.313647 -0.720573 0.618385 0.183406 0.000000 0.000000 0.000000 1.000000
Frog008.xyz Frog017.xyz 0.865192 0.174937 -0.469935 0.463082 -0.453776 0.671940 -0.585308 0.526794 0.213375 0.719650 0.660739 0.307329 0.000000 0.000000 0.000000 1.000000
Frog008.xyz Frog019.xyz -0.861911 -0.083701 0.500103 -0.405258 0.465739 -0.520660 0.715543 -0.814978 0.200490 0.849653 0.487744 0.428120 0.000000 0.000000 0.000000 1.000000
Frog009.xyz Frog010.xyz 0.897492 -0.136373 0.419416 -0.407356 0.139145 0.989978 0.024139 -0.032279 -0.418505 0.036695 0.907473 0.113216 0.000000 0.000000 0.000000 1.000000
Frog009.xyz Frog011.xyz 0.497987 -0.251854 0.829806 -0.786585 0.268589 0.954639 0.128554 -0.144170 -0.824541 0.158859 0.543043 0.500229 0.000000 0.000000 0.000000 1.000000
Frog009.xyz Frog012.xyz 0.062053 -0.285469 0.956377 -0.879650 0.309410 0.916517 0.253495 -0.267576 -0.948901 0.280184 0.145201 0.897457 0.000000 0.000000 0.000000 1.000000
Frog009.xyz Frog013.xyz -0.256338 -0.268186 0.928638 -0.830899 0.305942 0.888833 0.341141 -0.357078 -0.916891 0.371557 -0.145793 1.188792 0.000000 0.000000 0.000000 1.000000
Frog009.xyz Frog016.xyz 0.699299 0.133111 -0.702327 0.684534 0.415711 0.723551 0.551053 -0.595527 0.581520 -0.677315 0.450642 0.334104 0.000000 0.000000 0.000000 1.000000
Frog009.xyz Frog017.xyz 0.623742 0.259480 -0.737303 0.739006 -0.695527 0.614650 -0.372087 0.329961 0.356634 0.744901 0.563858 0.394991 0.000000 0.000000 0.000000 1.000000
Frog009.xyz Frog019.xyz -0.619406 -0.168090 0.766864 -0.680640 0.736834 -0.461591 0.493974 -0.611498 0.270945 0.871022 0.409767 0.501078 0.000000 0.000000 0.000000 1.000000
Frog010.xyz Frog011.xyz 0.829320 -0.160006 0.535375 -0.514534 0.164788 0.985547 0.039284 -0.049678 -0.533922 0.055644 0.843701 0.189008 0.000000 0.000000 0.000000 1.000000
Frog010.xyz Frog012.xyz 0.495743 -0.250888 0.831441 -0.779937 0.259026 0.956504 0.134181 -0.146377 -0.828941 0.148845 0.539166 0.503546 0.000000 0.000000 0.000000 1.000000
Frog010.xyz Frog013.xyz 0.195998 -0.278750 0.940151 -0.866496 0.296448 0.930729 0.214154 -0.230521 -0.934721 0.236732 0.265054 0.785662 0.000000 0.000000 0.000000 1.000000
Frog010.xyz Frog014.xyz -0.194917 -0.373813 0.906791 -0.845208 -0.753764 0.648642 0.105370 -0.136412 -0.627573 -0.662969 -0.408197 1.326421 0.000000 0.000000 0.000000 1.000000
Frog010.xyz Frog016.xyz 0.314895 0.212128 -0.925118 0.924394 0.505546 0.787445 0.352639 -0.404096 0.803284 -0.578733 0.140723 0.626713 0.000000 0.000000 0.000000 1.000000
Frog010.xyz Frog017.xyz 0.215181 0.325872 -0.920600 0.941406 -0.864111 0.502728 -0.024023 -0.003092 0.454984 0.800670 0.389767 0.562048 0.000000 0.000000 0.000000 1.000000
Frog010.xyz Frog018.xyz -0.202373 -0.238101 0.949922 -0.878552 0.823070 0.484259 0.296729 -0.398466 -0.530660 0.841903 0.097972 0.886890 0.000000 0.000000 0.000000 1.000000
Frog010.xyz Frog019.xyz -0.211354 -0.234081 0.948965 -0.881730 0.931432 -0.342513 0.122962 -0.257051 0.296250 0.909885 0.290422 0.618246 0.000000 0.000000 0.000000 1.000000
Frog011.xyz Frog012.xyz 0.896405 -0.132906 0.422839 -0.405228 0.133606 0.990634 0.028133 -0.033737 -0.422618 0.031275 0.905767 0.116451 0.000000 0.000000 0.000000 1.000000
Frog011.xyz Frog013.xyz 0.710480 -0.205490 0.673047 -0.638350 0.211580 0.974540 0.074191 -0.087266 -0.671158 0.089692 0.735868 0.305698 0.000000 0.000000 0.000000 1.000000
Frog011.xyz Frog014.xyz 0.383637 -0.364907 0.848330 -0.826283 -0.672486 0.519194 0.527445 -0.556328 -0.632918 -0.772838 -0.046212 0.971105 0.000000 0.000000 0.000000 1.000000
Frog011.xyz Frog016.xyz -0.268077 0.224610 -0.936848 0.974689 0.482057 0.873224 0.071416 -0.126180 0.834120 -0.432468 -0.342367 1.099123 0.000000 0.000000 0.000000 1.000000
Frog011.xyz Frog017.xyz -0.366553 0.320456 -0.873468 0.933814 -0.809925 0.352123 0.469074 -0.490993 0.457886 0.879384 0.130474 0.816671 0.000000 0.000000 0.000000 1.000000
Frog011.xyz Frog018.xyz 0.378829 -0.230691 0.896253 -0.864491 0.763966 0.624548 -0.162159 0.056296 -0.522346 0.746137 0.412837 0.577162 0.000000 0.000000 0.000000 1.000000
Frog012.xyz Frog013.xyz 0.948780 -0.089705 0.302937 -0.292181 0.091511 0.995771 0.008261 -0.017550 -0.302397 0.019884 0.952975 0.072854 0.000000 0.000000 0.000000 1.000000
Frog012.xyz Frog014.xyz 0.751100 -0.286367 0.594847 -0.600848 -0.448800 0.439323 0.778187 -0.813994 -0.484177 -0.851464 0.201455 0.722717 0.000000 0.000000 0.000000 1.000000
Frog012.xyz Frog018.xyz 0.749215 -0.152702 0.644482 -0.641090 0.533250 0.716209 -0.450212 0.348975 -0.392836 0.680976 0.618023 0.368978 0.000000 0.000000 0.000000 1.000000
Frog013.xyz Frog014.xyz 0.918517 -0.211508 0.334050 -0.360524 -0.229480 0.402823 0.886043 -0.938526 -0.321967 -0.890504 0.321464 0.589595 0.000000 0.000000 0.000000 1.000000
Frog013.xyz Frog017.xyz -0.914164 0.169938 -0.368000 0.477584 -0.332083 0.206596 0.920348 -0.966298 0.232430 0.963556 -0.132429 1.089611 0.000000 0.000000 0.000000 1.000000
Frog013.xyz Frog018.xyz 0.919776 -0.078170 0.384579 -0.401739 0.305303 0.758257 -0.576052 0.493454 -0.246579 0.647252 0.721293 0.255743 0.000000 0.000000 0.000000 1.000000
Frog014.xyz Frog015.xyz 0.430755 0.575750 0.694955 -0.550600 -0.771368 0.634605 -0.047633 0.063698 -0.468445 -0.515548 0.717474 0.215259 0.000000 0.000000 0.000000 1.000000
Frog014.xyz Frog016.xyz -0.979564 -0.197242 0.039378 0.017320 -0.073126 0.166866 -0.983265 0.861083 0.187370 -0.966049 -0.177879 0.889242 0.000000 0.000000 0.000000 1.000000
Frog014.xyz Frog018.xyz 0.989833 0.098194 -0.102899 0.107946 -0.072380 -0.275024 -0.958709 0.774492 -0.122439 0.956410 -0.265120 1.265530 0.000000 0.000000 0.000000 1.000000
Frog015.xyz Frog016.xyz -0.508149 0.628559 0.588813 -0.429252 -0.618751 0.209136 -0.757239 0.670080 -0.599111 -0.749117 0.282648 0.546247 0.000000 0.000000 0.000000 1.000000
Frog016.xyz Frog017.xyz 0.988549 0.040751 -0.145291 0.135120 -0.143238 -0.049447 -0.988453 0.728811 -0.047465 0.997945 -0.043044 1.036166 0.000000 0.000000 0.000000 1.000000
Frog016.xyz Frog019.xyz -0.994114 0.043467 0.099234 -0.007404 0.106893 0.244531 0.963732 -0.861032 0.017624 0.968666 -0.247739 1.148650 0.000000 0.000000 0.000000 1.000000
Frog017.xyz Frog018.xyz -0.995636 0.032354 0.087532 0.009648 0.061747 -0.474901 0.877870 -0.951468 0.069972 0.879444 0.470831 0.559108 0.000000 0.000000 0.000000 1.000000
Frog017.xyz Frog019.xyz -0.995377 0.042158 0.086291 0.006954 -0.024387 -0.980005 0.197472 -0.348112 0.092891 0.194455 0.976502 -0.017441 0.000000 0.000000 0.000000 1.000000
Frog018.xyz Frog019.xyz 0.999951 -0.005729 0.008056 -0.012649 0.009859 0.637255 -0.770590 0.688964 -0.000718 0.770632 0.637280 0.359489 0.000000 0.000000 0.000000 1.000000
Mario000.xyz Mario001.xyz 0.876529 -0.142129 0.459888 -0.480404 0.147541 0.988755 0.024364 -0.029618 -0.458179 0.046496 0.887644 0.129775 0.000000 0.000000 0.000000 1.000000
Mario000.xyz Mario002.xyz 0.583547 -0.235816 0.777088 -0.810597 0.255941 0.961548 0.099594 -0.112153 -0.770693 0.140771 0.621464 0.419327 0.000000 0.000000 0.000000 1.000000
Mario000.xyz Mario003.xyz -0.061381 -0.282666 0.957254 -0.978545 0.323106 0.901792 0.287007 -0.309569 -0.944369 0.326911 0.035978 1.036015 0.000000 0.000000 0.000000 1.000000
Mario000.xyz Mario009.xyz -0.205231 0.309180 -0.928595 0.999898 -0.292599 0.886015 0.359671 -0.356215 0.933952 0.345522 -0.091372 1.085042 0.000000 0.000000 0.000000 1.000000
Mario000.xyz Mario010.xyz 0.473264 0.275616 -0.836695 0.891723 -0.259314 0.951299 0.166691 -0.155220 0.841889 0.138078 0.521687 0.442328 0.000000 0.000000 0.000000 1.000000
Mario000.xyz Mario011.xyz 0.844073 0.165424 -0.510072 0.544223 -0.166746 0.985039 0.043532 -0.031922 0.509643 0.048307 0.859030 0.102421 0.000000 0.000000 0.000000 1.000000
Mario001.xyz Mario002.xyz 0.902384 -0.128132 0.411442 -0.434278 0.133480 0.990925 0.015846 -0.020736 -0.409739 0.040620 0.911298 0.105426 0.000000 0.000000 0.000000 1.000000
Mario001.xyz Mario003.xyz 0.426600 -0.265220 0.864679 -0.893673 0.287033 0.946317 0.148650 -0.162940 -0.857684 0.184777 0.479826 0.567184 0.000000 0.000000 0.000000 1.000000
Mario001.xyz Mario004.xyz -0.417648 -0.234128 0.877926 -0.866674 0.301535 0.875758 0.376996 -0.401019 -0.857115 0.422176 -0.295159 1.373206 0.000000 0.000000 0.000000 1.000000
Mario001.xyz Mario009.xyz -0.650882 0.252798 -0.715852 0.787599 -0.216991 0.841645 0.494519 -0.499707 0.727507 0.477209 -0.492958 1.512646 0.000000 0.000000 0.000000 1.000000
Mario001.xyz Mario010.xyz -0.009128 0.321958 -0.946710 1.019733 -0.285843 0.906404 0.311007 -0.306055 0.958232 0.273450 0.083755 0.899896 0.000000 0.000000 0.000000 1.000000
Mario001.xyz Mario011.xyz 0.481768 0.275673 -0.831807 0.891778 -0.266138 0.950422 0.160842 -0.152499 0.834907 0.143888 0.531249 0.438832 0.000000 0.000000 0.000000 1.000000
Mario002.xyz Mario003.xyz 0.774707 -0.192169 0.602412 -0.624730 0.198921 0.978398 0.056295 -0.062200 -0.600216 0.076220 0.796197 0.224164 0.000000 0.000000 0.000000 1.000000
Mario002.xyz Mario004.xyz 0.014337 -0.273839 0.961669 -0.967510 0.315000 0.914032 0.255579 -0.272213 -0.948983 0.299261 0.099364 0.956813 0.000000 0.000000 0.000000 1.000000
Mario002.xyz Mario005.xyz -0.341917 -0.246110 0.906930 -0.899692 0.290275 0.890241 0.351016 -0.368756 -0.893775 0.383277 -0.232949 1.297286 0.000000 0.000000 0.000000 1.000000
Mario002.xyz Mario010.xyz -0.439007 0.302817 -0.845917 0.924543 -0.246119 0.864952 0.437359 -0.441113 0.864117 0.400200 -0.305191 1.315637 0.000000 0.000000 0.000000 1.000000
Mario002.xyz Mario011.xyz 0.057176 0.324297 -0.944225 1.022879 -0.295762 0.908821 0.294228 -0.293116 0.953550 0.262443 0.147877 0.842790 0.000000 0.000000 0.000000 1.000000
Mario003.xyz Mario004.xyz 0.643051 -0.210935 0.736202 -0.743927 0.222347 0.971334 0.084091 -0.091740 -0.732835 0.109617 0.671519 0.355277 0.000000 0.000000 0.000000 1.000000
Mario003.xyz Mario005.xyz 0.328755 -0.257753 0.908562 -0.914009 0.265257 0.948511 0.173105 -0.182849 -0.906399 0.184093 0.380199 0.657255 0.000000 0.000000 0.000000 1.000000
Mario003.xyz Mario006.xyz -0.039732 -0.302327 0.952377 -0.952865 0.316194 0.900345 0.299001 -0.313212 -0.947862 0.313015 0.059822 0.989683 0.000000 0.000000 0.000000 1.000000
Mario003.xyz Mario007.xyz -0.432536 -0.275834 0.858387 -0.845420 0.293743 0.856997 0.423403 -0.442072 -0.852425 0.435282 -0.289658 1.351368 0.000000 0.000000 0.000000 1.000000
Mario003.xyz Mario012.xyz 0.015307 -0.172416 0.984906 -1.020292 -0.446648 0.880102 0.161010 -0.103276 -0.894578 -0.442371 -0.063538 0.901788 0.000000 0.000000 0.000000 1.000000
Mario004.xyz Mario005.xyz 0.934659 -0.100865 0.340939 -0.349072 0.097939 0.994857 0.025827 -0.027896 -0.341790 0.009253 0.939731 0.069972 0.000000 0.000000 0.000000 1.000000
Mario004.xyz Mario006.xyz 0.739361 -0.222409 0.635515 -0.649022 0.233539 0.969984 0.067760 -0.074563 -0.631509 0.098319 0.769109 0.255659 0.000000 0.000000 0.000000 1.000000
Mario004.xyz Mario007.xyz 0.411985 -0.291917 0.863164 -0.872376 0.319830 0.933348 0.162998 -0.176425 -0.853215 0.208914 0.477891 0.566020 0.000000 0.000000 0.000000 1.000000
Mario004.xyz Mario008.xyz 0.085278 -0.314253 0.945502 -0.952028 0.356091 0.895896 0.265648 -0.282441 -0.930552 0.314031 0.188303 0.861429 0.000000 0.000000 0.000000 1.000000
Mario004.xyz Mario009.xyz -0.415813 -0.244747 0.875899 -0.873713 0.327724 0.858077 0.395347 -0.414464 -0.848349 0.451445 -0.276590 1.338256 0.000000 0.000000 0.000000 1.000000
Mario004.xyz Mario012.xyz 0.771299 -0.081248 0.631265 -0.678229 -0.354326 0.769103 0.531915 -0.485288 -0.528725 -0.633940 0.564420 0.249772 0.000000 0.000000 0.000000 1.000000
Mario005.xyz Mario006.xyz 0.930155 -0.132439 0.342449 -0.351988 0.143545 0.989618 -0.007171 0.003653 -0.337943 0.055827 0.939509 0.073510 0.000000 0.000000 0.000000 1.000000
Mario005.xyz Mario007.xyz 0.708795 -0.227774 0.667628 -0.678026 0.260364 0.964082 0.052495 -0.062319 -0.655606 0.136617 0.742642 0.289013 0.000000 0.000000 0.000000 1.000000
Mario005.xyz Mario008.xyz 0.433761 -0.279865 0.856462 -0.868351 0.333030 0.933025 0.136218 -0.149693 -0.837224 0.226141 0.497913 0.540647 0.000000 0.000000 0.000000 1.000000
Mario005.xyz Mario009.xyz -0.065329 -0.261592 0.962965 -0.971196 0.354550 0.895972 0.267446 -0.284420 -0.932752 0.358892 0.034215 1.020277 0.000000 0.000000 0.000000 1.000000
Mario005.xyz Mario012.xyz 0.944319 0.011014 0.328845 -0.371297 -0.227399 0.744182 0.628078 -0.587855 -0.237803 -0.667886 0.705251 0.098782 0.000000 0.000000 0.000000 1.000000
Mario006.xyz Mario007.xyz 0.918084 -0.128452 0.374994 -0.381968 0.132474 0.991070 0.015153 -0.020423 -0.373592 0.035764 0.926904 0.089246 0.000000 0.000000 0.000000 1.000000
Mario006.xyz Mario008.xyz 0.733824 -0.220837 0.642443 -0.656473 0.232849 0.970166 0.067521 -0.076240 -0.638188 0.100043 0.763354 0.259532 0.000000 0.000000 0.000000 1.000000
Mario006.xyz Mario009.xyz 0.303644 -0.275159 0.912189 -0.930367 0.302712 0.935645 0.181469 -0.194627 -0.903419 0.221028 0.367399 0.674470 0.000000 0.000000 0.000000 1.000000
Mario006.xyz Mario012.xyz 0.989517 0.144094 -0.009560 -0.022823 -0.094990 0.699309 0.708479 -0.675925 0.108772 -0.700144 0.705668 0.087752 0.000000 0.000000 0.000000 1.000000
Mario007.xyz Mario008.xyz 0.942993 -0.111916 0.313434 -0.326538 0.114475 0.993373 0.010293 -0.013145 -0.312509 0.026174 0.949555 0.055954 0.000000 0.000000 0.000000 1.000000
Mario007.xyz Mario009.xyz 0.656181 -0.218654 0.722230 -0.748648 0.225780 0.970143 0.088577 -0.096478 -0.720035 0.104943 0.685958 0.340364 0.000000 0.000000 0.000000 1.000000
Mario007.xyz Mario010.xyz 0.016051 -0.292259 0.956205 -0.953681 0.295998 0.914851 0.274650 -0.290783 -0.955054 0.278625 0.101193 0.947827 0.000000 0.000000 0.000000 1.000000
Mario007.xyz Mario012.xyz 0.886367 0.273748 -0.373383 0.354655 0.088638 0.691218 0.717189 -0.691957 0.454418 -0.668790 0.588408 0.195153 0.000000 0.000000 0.000000 1.000000
Mario008.xyz Mario009.xyz 0.869616 -0.134655 0.475011 -0.493034 0.132096 0.990471 0.038944 -0.042503 -0.475729 0.028882 0.879117 0.136209 0.000000 0.000000 0.000000 1.000000
Mario008.xyz Mario010.xyz 0.347552 -0.278642 0.895302 -0.893951 0.262821 0.945499 0.192240 -0.203290 -0.900073 0.168491 0.401843 0.633648 0.000000 0.000000 0.000000 1.000000
Mario008.xyz Mario011.xyz -0.156162 -0.302735 0.940193 -0.916134 0.297316 0.893319 0.337024 -0.354727 -0.941922 0.332164 -0.049495 1.097758 0.000000 0.000000 0.000000 1.000000
Mario008.xyz Mario012.xyz 0.688169 0.369557 -0.624379 0.619163 0.231018 0.704166 0.671402 -0.644832 0.687788 -0.606282 0.399211 0.389435 0.000000 0.000000 0.000000 1.000000
Mario009.xyz Mario010.xyz 0.765036 -0.195211 0.613688 -0.608649 0.192553 0.978695 0.071277 -0.076466 -0.614526 0.063638 0.786325 0.226266 0.000000 0.000000 0.000000 1.000000
Mario009.xyz Mario011.xyz 0.351566 -0.283865 0.892088 -0.876376 0.298351 0.937206 0.180642 -0.192400 -0.887349 0.202648 0.414182 0.612462 0.000000 0.000000 0.000000 1.000000
Mario009.xyz Mario012.xyz 0.252094 0.432626 -0.865611 0.879746 0.425001 0.754120 0.500676 -0.471437 0.869381 -0.494104 0.006242 0.796219 0.000000 0.000000 0.000000 1.000000
Mario010.xyz Mario011.xyz 0.871837 -0.146537 0.467360 -0.462686 0.156155 0.987562 0.018341 -0.025992 -0.464235 0.056990 0.883878 0.134272 0.000000 0.000000 0.000000 1.000000
PeterRabbit000.xyz PeterRabbit001.xyz 0.837442 -0.199534 0.508800 -0.496564 0.199986 0.978281 0.054486 -0.063972 -0.508622 0.056126 0.859159 0.167889 0.000000 0.000000 0.000000 1.000000
PeterRabbit000.xyz PeterRabbit002.xyz 0.581504 -0.301229 0.755720 -0.724942 0.306203 0.941656 0.139727 -0.155521 -0.753718 0.150153 0.639813 0.400762 0.000000 0.000000 0.000000 1.000000
PeterRabbit000.xyz PeterRabbit003.xyz 0.256743 -0.341689 0.904063 -0.854383 0.364440 0.900595 0.236881 -0.255435 -0.895135 0.268661 0.355746 0.688035 0.000000 0.000000 0.000000 1.000000
PeterRabbit000.xyz PeterRabbit004.xyz -0.121385 -0.345657 0.930477 -0.857672 0.384766 0.847731 0.365113 -0.385525 -0.914998 0.402338 0.030095 1.018758 0.000000 0.000000 0.000000 1.000000
PeterRabbit000.xyz PeterRabbit005.xyz -0.486892 -0.290428 0.823764 -0.732073 0.349673 0.799420 0.488522 -0.508870 -0.800415 0.525908 -0.287677 1.336194 0.000000 0.000000 0.000000 1.000000
PeterRabbit000.xyz PeterRabbit010.xyz -0.594213 0.342997 -0.727505 0.840161 -0.208901 0.807657 0.551411 -0.537602 0.776706 0.479631 -0.408266 1.359436 0.000000 0.000000 0.000000 1.000000
PeterRabbit000.xyz PeterRabbit011.xyz -0.120810 0.393169 -0.911495 0.991833 -0.302000 0.860138 0.411043 -0.390704 0.945622 0.324929 0.014824 0.924167 0.000000 0.000000 0.000000 1.000000
PeterRabbit000.xyz PeterRabbit012.xyz 0.218319 0.366426 -0.904471 0.964128 -0.299887 0.907174 0.295134 -0.272132 0.928657 0.206805 0.307940 0.625439 0.000000 0.000000 0.000000 1.000000
PeterRabbit000.xyz PeterRabbit013.xyz 0.533094 0.300764 -0.790792 0.830975 -0.260741 0.947590 0.184627 -0.161860 0.804876 0.107767 0.583575 0.353783 0.000000 0.000000 0.000000 1.000000
PeterRabbit000.xyz PeterRabbit014.xyz 0.823837 0.181539 -0.536968 0.559021 -0.160977 0.983253 0.085446 -0.068098 0.543486 0.016045 0.839264 0.111196 0.000000 0.000000 0.000000 1.000000
PeterRabbit000.xyz PeterRabbit015.xyz 0.960130 0.091730 -0.264079 0.281672 -0.082929 0.995570 0.044308 -0.032112 0.266973 -0.020642 0.963483 0.006048 0.000000 0.000000 0.000000 1.000000
PeterRabbit001.xyz PeterRabbit002.xyz 0.931592 -0.137217 0.336612 -0.327638 0.139629 0.990057 0.017156 -0.025732 -0.335618 0.031018 0.941486 0.078025 0.000000 0.000000 0.000000 1.000000
PeterRabbit001.xyz PeterRabbit003.xyz 0.743174 -0.233665 0.626971 -0.605559 0.246024 0.966827 0.068702 -0.082953 -0.622227 0.103193 0.776006 0.255378 0.000000 0.000000 0.000000 1.000000
PeterRabbit001.xyz PeterRabbit004.xyz 0.440744 -0.311729 0.841766 -0.800080 0.338838 0.926163 0.165568 -0.185819 -0.831225 0.212251 0.513825 0.533314 0.000000 0.000000 0.000000 1.000000
PeterRabbit001.xyz PeterRabbit005.xyz 0.069338 -0.336611 0.939088 -0.876838 0.381881 0.878608 0.286734 -0.311175 -0.921607 0.338738 0.189465 0.868417 0.000000 0.000000 0.000000 1.000000
PeterRabbit001.xyz PeterRabbit006.xyz -0.247206 -0.303981 0.920047 -0.835305 0.384784 0.840642 0.381132 -0.405630 -0.889287 0.448237 -0.090845 1.148571 0.000000 0.000000 0.000000 1.000000
PeterRabbit001.xyz PeterRabbit011.xyz -0.643390 0.310806 -0.699606 0.809687 -0.215395 0.803458 0.555030 -0.539446 0.734612 0.507793 -0.449991 1.396982 0.000000 0.000000 0.000000 1.000000
PeterRabbit001.xyz PeterRabbit012.xyz -0.350480 0.352849 -0.867560 0.958318 -0.281985 0.843580 0.457011 -0.434917 0.893112 0.404813 -0.196159 1.127756 0.000000 0.000000 0.000000 1.000000
PeterRabbit001.xyz PeterRabbit013.xyz -0.015932 0.357758 -0.933678 1.002704 -0.313493 0.884925 0.344425 -0.318745 0.949457 0.298189 0.098055 0.827863 0.000000 0.000000 0.000000 1.000000
PeterRabbit001.xyz PeterRabbit014.xyz 0.380483 0.313098 -0.870173 0.914078 -0.287526 0.934362 0.210472 -0.186437 0.878955 0.170116 0.445533 0.483736 0.000000 0.000000 0.000000 1.000000
PeterRabbit001.xyz PeterRabbit015.xyz 0.651386 0.267364 -0.710080 0.741445 -0.245554 0.959779 0.136123 -0.115500 0.717913 0.085694 0.690838 0.252036 0.000000 0.000000 0.000000 1.000000
PeterRabbit002.xyz PeterRabbit003.xyz 0.935444 -0.116815 0.333615 -0.328108 0.119655 0.992742 0.012100 -0.019149 -0.332609 0.028599 0.942632 0.073590 0.000000 0.000000 0.000000 1.000000
PeterRabbit002.xyz PeterRabbit004.xyz 0.736717 -0.232645 0.634922 -0.614229 0.244306 0.967103 0.070888 -0.086421 -0.630527 0.102892 0.769318 0.269351 0.000000 0.000000 0.000000 1.000000
PeterRabbit002.xyz PeterRabbit005.xyz 0.426892 -0.307469 0.850429 -0.811239 0.331715 0.928110 0.169043 -0.191800 -0.841266 0.209936 0.498195 0.559317 0.000000 0.000000 0.000000 1.000000
PeterRabbit002.xyz PeterRabbit006.xyz 0.121116 -0.319689 0.939751 -0.877173 0.371406 0.892547 0.255765 -0.280933 -0.920538 0.318050 0.226835 0.837453 0.000000 0.000000 0.000000 1.000000
PeterRabbit002.xyz PeterRabbit007.xyz -0.265181 -0.297803 0.917056 -0.827094 0.354165 0.854537 0.379913 -0.405458 -0.896797 0.425536 -0.121136 1.185889 0.000000 0.000000 0.000000 1.000000
PeterRabbit002.xyz PeterRabbit012.xyz -0.666952 0.285518 -0.688226 0.800845 -0.224613 0.803657 0.551076 -0.530827 0.710439 0.522126 -0.471870 1.410775 0.000000 0.000000 0.000000 1.000000
PeterRabbit002.xyz PeterRabbit013.xyz -0.378221 0.335956 -0.862603 0.954734 -0.297536 0.838260 0.456935 -0.430312 0.876597 0.429478 -0.217089 1.143059 0.000000 0.000000 0.000000 1.000000
PeterRabbit002.xyz PeterRabbit014.xyz 0.018582 0.348181 -0.937244 1.002253 -0.325219 0.888533 0.323638 -0.295380 0.945456 0.298795 0.129747 0.791068 0.000000 0.000000 0.000000 1.000000
PeterRabbit002.xyz PeterRabbit015.xyz 0.331118 0.343475 -0.878856 0.927342 -0.314633 0.918281 0.240341 -0.213710 0.889588 0.196935 0.412129 0.516410 0.000000 0.000000 0.000000 1.000000
PeterRabbit003.xyz PeterRabbit004.xyz 0.928154 -0.135122 0.346806 -0.337804 0.139211 0.990174 0.013221 -0.022757 -0.345185 0.036009 0.937844 0.087766 0.000000 0.000000 0.000000 1.000000
PeterRabbit003.xyz PeterRabbit005.xyz 0.718967 -0.243867 0.650860 -0.627907 0.258279 0.963110 0.075558 -0.094175 -0.645275 0.113780 0.755429 0.294183 0.000000 0.000000 0.000000 1.000000
PeterRabbit003.xyz PeterRabbit006.xyz 0.464158 -0.291505 0.836411 -0.792013 0.328493 0.933605 0.143087 -0.165804 -0.822589 0.208340 0.529096 0.532608 0.000000 0.000000 0.000000 1.000000
PeterRabbit003.xyz PeterRabbit007.xyz 0.092671 -0.316274 0.944130 -0.872223 0.358223 0.895309 0.264759 -0.290262 -0.929026 0.313676 0.196265 0.872632 0.000000 0.000000 0.000000 1.000000
PeterRabbit003.xyz PeterRabbit008.xyz -0.362464 -0.301916 0.881741 -0.778856 0.349551 0.832976 0.428911 -0.451499 -0.863964 0.463677 -0.196389 1.255866 0.000000 0.000000 0.000000 1.000000
PeterRabbit003.xyz PeterRabbit013.xyz -0.680827 0.277824 -0.677709 0.786542 -0.223809 0.802104 0.553658 -0.529130 0.697412 0.528622 -0.483914 1.417619 0.000000 0.000000 0.000000 1.000000
PeterRabbit003.xyz PeterRabbit014.xyz -0.335970 0.336536 -0.879697 0.963200 -0.300048 0.847086 0.438653 -0.409887 0.892803 0.411325 -0.183617 1.105393 0.000000 0.000000 0.000000 1.000000
PeterRabbit003.xyz PeterRabbit015.xyz -0.023582 0.369966 -0.928746 0.995036 -0.321409 0.876878 0.357465 -0.328681 0.946647 0.306937 0.098234 0.825662 0.000000 0.000000 0.000000 1.000000
PeterRabbit004.xyz PeterRabbit005.xyz 0.925984 -0.132778 0.353447 -0.349148 0.135788 0.990602 0.016387 -0.027200 -0.352301 0.032819 0.935310 0.093833 0.000000 0.000000 0.000000 1.000000
PeterRabbit004.xyz PeterRabbit006.xyz 0.760270 -0.212967 0.613707 -0.593901 0.228364 0.972053 0.054419 -0.071317 -0.608145 0.098774 0.787656 0.260293 0.000000 0.000000 0.000000 1.000000
PeterRabbit004.xyz PeterRabbit007.xyz 0.456178 -0.287784 0.842069 -0.798579 0.303330 0.939881 0.156887 -0.180176 -0.836596 0.183857 0.516046 0.548920 0.000000 0.000000 0.000000 1.000000
PeterRabbit004.xyz PeterRabbit008.xyz 0.010167 -0.337752 0.941181 -0.865712 0.360631 0.879124 0.311585 -0.337017 -0.932652 0.336251 0.130741 0.936990 0.000000 0.000000 0.000000 1.000000
PeterRabbit004.xyz PeterRabbit009.xyz -0.434138 -0.282637 0.855361 -0.742796 0.324018 0.836969 0.441013 -0.461551 -0.840559 0.468613 -0.271782 1.326986 0.000000 0.000000 0.000000 1.000000
PeterRabbit004.xyz PeterRabbit014.xyz -0.662389 0.274828 -0.696929 0.806864 -0.240822 0.802792 0.545462 -0.520842 0.709398 0.529144 -0.465575 1.397933 0.000000 0.000000 0.000000 1.000000
PeterRabbit004.xyz PeterRabbit015.xyz -0.393973 0.350770 -0.849557 0.944496 -0.292831 0.828244 0.477766 -0.450684 0.871226 0.437004 -0.223588 1.149534 0.000000 0.000000 0.000000 1.000000
PeterRabbit005.xyz PeterRabbit006.xyz 0.949187 -0.097673 0.299174 -0.293223 0.101629 0.994820 0.002349 -0.008995 -0.297853 0.028174 0.954196 0.067529 0.000000 0.000000 0.000000 1.000000
PeterRabbit005.xyz PeterRabbit007.xyz 0.758250 -0.209336 0.617440 -0.597468 0.211534 0.974809 0.070722 -0.086441 -0.616691 0.076986 0.783432 0.262185 0.000000 0.000000 0.000000 1.000000
PeterRabbit005.xyz PeterRabbit008.xyz 0.386918 -0.317774 0.865631 -0.820489 0.327340 0.924938 0.193232 -0.215700 -0.862057 0.208590 0.461894 0.598338 0.000000 0.000000 0.000000 1.000000
PeterRabbit005.xyz PeterRabbit009.xyz -0.062152 -0.324914 0.943700 -0.861884 0.344779 0.880330 0.325802 -0.347798 -0.936625 0.345617 0.057308 1.003989 0.000000 0.000000 0.000000 1.000000
PeterRabbit005.xyz PeterRabbit010.xyz -0.409591 -0.288985 0.865287 -0.762937 0.321379 0.841988 0.433330 -0.452881 -0.853785 0.455573 -0.251997 1.302947 0.000000 0.000000 0.000000 1.000000
PeterRabbit005.xyz PeterRabbit015.xyz -0.711659 0.280055 -0.644291 0.764095 -0.212264 0.788527 0.577208 -0.557509 0.669690 0.547536 -0.501716 1.445325 0.000000 0.000000 0.000000 1.000000
PeterRabbit006.xyz PeterRabbit007.xyz 0.924889 -0.129742 0.357414 -0.351572 0.126731 0.991423 0.031942 -0.042520 -0.358493 0.015755 0.933400 0.094177 0.000000 0.000000 0.000000 1.000000
PeterRabbit006.xyz PeterRabbit008.xyz 0.657268 -0.274772 0.701783 -0.677625 0.278174 0.953868 0.112942 -0.133180 -0.700440 0.120986 0.703380 0.346542 0.000000 0.000000 0.000000 1.000000
PeterRabbit006.xyz PeterRabbit009.xyz 0.255071 -0.327330 0.909833 -0.851476 0.338746 0.911574 0.232989 -0.256004 -0.905644 0.248774 0.343398 0.717481 0.000000 0.000000 0.000000 1.000000
PeterRabbit006.xyz PeterRabbit010.xyz -0.101681 -0.327081 0.939509 -0.859139 0.352450 0.871305 0.341482 -0.364757 -0.930290 0.365853 0.026684 1.031654 0.000000 0.000000 0.000000 1.000000
PeterRabbit006.xyz PeterRabbit011.xyz -0.579099 -0.252931 0.775028 -0.666809 0.319665 0.804080 0.501266 -0.522008 -0.749972 0.538033 -0.384789 1.430727 0.000000 0.000000 0.000000 1.000000
PeterRabbit007.xyz PeterRabbit008.xyz 0.894379 -0.166703 0.415090 -0.409366 0.173892 0.984546 0.020722 -0.032133 -0.412130 0.053646 0.909544 0.118271 0.000000 0.000000 0.000000 1.000000
PeterRabbit007.xyz PeterRabbit009.xyz 0.603569 -0.263137 0.752640 -0.721348 0.278308 0.954126 0.110394 -0.127986 -0.747163 0.142834 0.649113 0.399741 0.000000 0.000000 0.000000 1.000000
PeterRabbit007.xyz PeterRabbit010.xyz 0.284187 -0.307154 0.908237 -0.857822 0.334984 0.919405 0.206113 -0.227304 -0.898346 0.245669 0.364172 0.691969 0.000000 0.000000 0.000000 1.000000
PeterRabbit007.xyz PeterRabbit011.xyz -0.225781 -0.299398 0.927030 -0.846223 0.370493 0.853705 0.365950 -0.389918 -0.900977 0.426082 -0.081827 1.139792 0.000000 0.000000 0.000000 1.000000
PeterRabbit007.xyz PeterRabbit012.xyz -0.539306 -0.253692 0.802988 -0.700328 0.325600 0.816565 0.476661 -0.495710 -0.776618 0.518519 -0.357776 1.402961 0.000000 0.000000 0.000000 1.000000
PeterRabbit008.xyz PeterRabbit009.xyz 0.896096 -0.138517 0.421695 -0.408843 0.135680 0.990065 0.036895 -0.044993 -0.422616 0.024153 0.905989 0.120360 0.000000 0.000000 0.000000 1.000000
PeterRabbit008.xyz PeterRabbit010.xyz 0.682372 -0.234168 0.692484 -0.667908 0.231890 0.967720 0.098736 -0.112958 -0.693249 0.093205 0.714645 0.326650 0.000000 0.000000 0.000000 1.000000
PeterRabbit008.xyz PeterRabbit011.xyz 0.232777 -0.314821 0.920165 -0.869877 0.340947 0.912522 0.225956 -0.247747 -0.910807 0.261130 0.319752 0.737512 0.000000 0.000000 0.000000 1.000000
PeterRabbit008.xyz PeterRabbit012.xyz -0.106740 -0.326912 0.939008 -0.865586 0.352942 0.870444 0.343162 -0.363843 -0.929535 0.368045 0.022470 1.031609 0.000000 0.000000 0.000000 1.000000
PeterRabbit008.xyz PeterRabbit013.xyz -0.434668 -0.297239 0.850126 -0.753849 0.327137 0.827371 0.456549 -0.474143 -0.839073 0.476554 -0.262394 1.308798 0.000000 0.000000 0.000000 1.000000
PeterRabbit009.xyz PeterRabbit010.xyz 0.935922 -0.113707 0.333343 -0.330500 0.115386 0.993212 0.014828 -0.022881 -0.332766 0.024587 0.942688 0.078245 0.000000 0.000000 0.000000 1.000000
PeterRabbit009.xyz PeterRabbit011.xyz 0.640226 -0.246160 0.727677 -0.706784 0.274405 0.958054 0.082664 -0.102403 -0.717503 0.146755 0.680919 0.368814 0.000000 0.000000 0.000000 1.000000
PeterRabbit009.xyz PeterRabbit012.xyz 0.345607 -0.303501 0.887941 -0.844815 0.340408 0.922345 0.182766 -0.205169 -0.874457 0.239098 0.422084 0.634049 0.000000 0.000000 0.000000 1.000000
PeterRabbit009.xyz PeterRabbit013.xyz 0.010162 -0.321896 0.946719 -0.878125 0.371065 0.880383 0.295358 -0.318375 -0.928550 0.348293 0.128391 0.929384 0.000000 0.000000 0.000000 1.000000
PeterRabbit009.xyz PeterRabbit014.xyz -0.386234 -0.291958 0.874975 -0.775861 0.344219 0.834440 0.430377 -0.451125 -0.855765 0.467410 -0.221791 1.272322 0.000000 0.000000 0.000000 1.000000
PeterRabbit010.xyz PeterRabbit011.xyz 0.869760 -0.159826 0.466876 -0.459516 0.175441 0.984435 0.010168 -0.022691 -0.461235 0.073064 0.884264 0.148858 0.000000 0.000000 0.000000 1.000000
PeterRabbit010.xyz PeterRabbit012.xyz 0.653963 -0.248396 0.714585 -0.690277 0.274643 0.958069 0.081692 -0.098870 -0.704914 0.142832 0.694762 0.349982 0.000000 0.000000 0.000000 1.000000
PeterRabbit010.xyz PeterRabbit013.xyz 0.361696 -0.304500 0.881167 -0.834498 0.345639 0.921599 0.176598 -0.196872 -0.865858 0.240690 0.438586 0.614409 0.000000 0.000000 0.000000 1.000000
PeterRabbit010.xyz PeterRabbit014.xyz -0.036620 -0.321568 0.946178 -0.869355 0.370745 0.874872 0.311683 -0.332964 -0.928012 0.362204 0.087181 0.967080 0.000000 0.000000 0.000000 1.000000
PeterRabbit010.xyz PeterRabbit015.xyz -0.346939 -0.272100 0.897550 -0.793287 0.358521 0.845832 0.395006 -0.415590 -0.866658 0.458832 -0.195900 1.247162 0.000000 0.000000 0.000000 1.000000
PeterRabbit011.xyz PeterRabbit012.xyz 0.942113 -0.122532 0.312102 -0.306599 0.123888 0.992176 0.015563 -0.021745 -0.311567 0.024004 0.949921 0.065954 0.000000 0.000000 0.000000 1.000000
PeterRabbit011.xyz PeterRabbit013.xyz 0.774651 -0.227345 0.590110 -0.571535 0.235776 0.969693 0.064075 -0.076064 -0.586792 0.089498 0.804776 0.227002 0.000000 0.000000 0.000000 1.000000
PeterRabbit011.xyz PeterRabbit014.xyz 0.461292 -0.313367 0.830066 -0.788057 0.328149 0.929472 0.168532 -0.186170 -0.824335 0.194643 0.531588 0.513570 0.000000 0.000000 0.000000 1.000000
PeterRabbit011.xyz PeterRabbit015.xyz 0.160779 -0.319606 0.933811 -0.865663 0.361059 0.899587 0.245728 -0.265844 -0.918579 0.297653 0.260031 0.793107 0.000000 0.000000 0.000000 1.000000
PeterRabbit012.xyz PeterRabbit013.xyz 0.941842 -0.120413 0.313745 -0.306077 0.123306 0.992310 0.010682 -0.017386 -0.312619 0.028625 0.949448 0.069156 0.000000 0.000000 0.000000 1.000000
PeterRabbit012.xyz PeterRabbit014.xyz 0.732053 -0.240848 0.637252 -0.610876 0.247862 0.965473 0.080162 -0.094469 -0.634558 0.099268 0.766474 0.270622 0.000000 0.000000 0.000000 1.000000
PeterRabbit012.xyz PeterRabbit015.xyz 0.482079 -0.282654 0.829282 -0.778698 0.306622 0.941100 0.142521 -0.160770 -0.820722 0.185569 0.540352 0.509871 0.000000 0.000000 0.000000 1.000000
PeterRabbit013.xyz PeterRabbit014.xyz 0.918413 -0.141922 0.369290 -0.357777 0.142342 0.989470 0.026261 -0.035516 -0.369129 0.028447 0.928943 0.093893 0.000000 0.000000 0.000000 1.000000
PeterRabbit013.xyz PeterRabbit015.xyz 0.748259 -0.212178 0.628561 -0.596831 0.220184 0.973196 0.066401 -0.081049 -0.625802 0.088715 0.774921 0.266279 0.000000 0.000000 0.000000 1.000000
PeterRabbit014.xyz PeterRabbit015.xyz 0.949446 -0.086928 0.301658 -0.288552 0.088624 0.996032 0.008090 -0.014726 -0.301164 0.019053 0.953382 0.069691 0.000000 0.000000 0.000000 1.000000
Squirrel000.xyz Squirrel001.xyz 0.886197 0.162286 -0.433956 0.421846 -0.156002 0.986474 0.050335 -0.034878 0.436254 0.023091 0.899527 0.061354 0.000000 0.000000 0.000000 1.000000
Squirrel000.xyz Squirrel002.xyz 0.619209 0.276011 -0.735119 0.733623 -0.258218 0.955694 0.141325 -0.115538 0.741555 0.102311 0.663045 0.268156 0.000000 0.000000 0.000000 1.000000
Squirrel000.xyz Squirrel003.xyz -0.076605 0.385636 -0.919465 0.955599 -0.333122 0.859283 0.388149 -0.345809 0.939767 0.336028 0.062639 0.828113 0.000000 0.000000 0.000000 1.000000
Squirrel000.xyz Squirrel004.xyz -0.479221 0.337945 -0.810024 0.882693 -0.277802 0.817050 0.505227 -0.461484 0.832569 0.467143 -0.297667 1.182024 0.000000 0.000000 0.000000 1.000000
Squirrel000.xyz Squirrel008.xyz -0.399294 -0.332952 0.854229 -0.744843 0.338998 0.812079 0.474982 -0.470253 -0.851848 0.479240 -0.211389 1.205405 0.000000 0.000000 0.000000 1.000000
Squirrel000.xyz Squirrel009.xyz -0.035615 -0.312192 0.949352 -0.857376 0.331683 0.892416 0.305911 -0.306032 -0.942719 0.325779 0.071764 0.933817 0.000000 0.000000 0.000000 1.000000
Squirrel000.xyz Squirrel010.xyz 0.416979 -0.285518 0.862907 -0.814190 0.288517 0.941858 0.172221 -0.174747 -0.861908 0.177152 0.475111 0.540610 0.000000 0.000000 0.000000 1.000000
Squirrel000.xyz Squirrel011.xyz 0.779208 -0.210851 0.590234 -0.586911 0.218144 0.974071 0.059983 -0.060186 -0.587578 0.082016 0.805000 0.202121 0.000000 0.000000 0.000000 1.000000
Squirrel000.xyz Squirrel012.xyz -0.068880 -0.302819 0.950556 -0.836443 0.659561 -0.728694 -0.184346 -0.004925 0.748488 0.614252 0.249920 0.696811 0.000000 0.000000 0.000000 1.000000
Squirrel000.xyz Squirrel013.xyz -0.142780 0.384239 -0.912127 1.000116 -0.578429 -0.780204 -0.238120 0.129148 -0.803140 0.493602 0.333653 0.716001 0.000000 0.000000 0.000000 1.000000
Squirrel001.xyz Squirrel002.xyz 0.912543 0.138678 -0.384753 0.377114 -0.135064 0.990163 0.036545 -0.026269 0.386036 0.018618 0.922296 0.049371 0.000000 0.000000 0.000000 1.000000
Squirrel001.xyz Squirrel003.xyz 0.393704 0.346089 -0.851598 0.853836 -0.324201 0.919165 0.223667 -0.190710 0.860169 0.188031 0.474082 0.442725 0.000000 0.000000 0.000000 1.000000
Squirrel001.xyz Squirrel004.xyz -0.018326 0.367360 -0.929898 0.960290 -0.332838 0.874766 0.352140 -0.312173 0.942806 0.315959 0.106240 0.788807 0.000000 0.000000 0.000000 1.000000
Squirrel001.xyz Squirrel005.xyz -0.468372 0.343510 -0.814020 0.877766 -0.302459 0.803320 0.513024 -0.471554 0.830149 0.486494 -0.272355 1.165531 0.000000 0.000000 0.000000 1.000000
Squirrel001.xyz Squirrel009.xyz -0.494203 -0.254627 0.831222 -0.708777 0.306012 0.843999 0.440481 -0.432710 -0.813708 0.472050 -0.339189 1.314351 0.000000 0.000000 0.000000 1.000000
Squirrel001.xyz Squirrel010.xyz -0.051273 -0.303271 0.951525 -0.861517 0.333798 0.892778 0.302533 -0.302982 -0.941249 0.333129 0.055455 0.945888 0.000000 0.000000 0.000000 1.000000
Squirrel001.xyz Squirrel011.xyz 0.400179 -0.299847 0.865996 -0.819316 0.325367 0.929884 0.171616 -0.175537 -0.856735 0.213089 0.469680 0.542147 0.000000 0.000000 0.000000 1.000000
Squirrel001.xyz Squirrel012.xyz -0.522684 -0.240131 0.818010 -0.674514 0.546242 -0.831009 0.105086 -0.270787 0.654539 0.501757 0.565525 0.403499 0.000000 0.000000 0.000000 1.000000
Squirrel001.xyz Squirrel013.xyz 0.331648 0.355403 -0.873899 0.926225 -0.535885 -0.691400 -0.484554 0.360824 -0.776426 0.629010 -0.038846 1.067855 0.000000 0.000000 0.000000 1.000000
Squirrel002.xyz Squirrel003.xyz 0.734921 0.258386 -0.626998 0.614431 -0.254436 0.962085 0.098246 -0.074336 0.628612 0.087328 0.772800 0.169807 0.000000 0.000000 0.000000 1.000000
Squirrel002.xyz Squirrel004.xyz 0.392002 0.332238 -0.857876 0.863543 -0.317905 0.923984 0.212576 -0.178510 0.863290 0.189393 0.467824 0.445126 0.000000 0.000000 0.000000 1.000000
Squirrel002.xyz Squirrel005.xyz -0.066575 0.373643 -0.925180 0.958365 -0.361992 0.855018 0.371356 -0.330916 0.929801 0.359630 0.078333 0.820470 0.000000 0.000000 0.000000 1.000000
Squirrel002.xyz Squirrel006.xyz -0.680524 0.250823 -0.688457 0.776908 -0.267838 0.789410 0.552353 -0.505879 0.682019 0.560285 -0.470033 1.354830 0.000000 0.000000 0.000000 1.000000
Squirrel002.xyz Squirrel011.xyz -0.009596 -0.319300 0.947605 -0.870869 0.359835 0.883062 0.301196 -0.302910 -0.932966 0.343873 0.106421 0.897760 0.000000 0.000000 0.000000 1.000000
Squirrel002.xyz Squirrel012.xyz -0.825003 -0.137278 0.548201 -0.394066 0.342795 -0.892772 0.292318 -0.437943 0.449290 0.429083 0.783598 0.206650 0.000000 0.000000 0.000000 1.000000
Squirrel002.xyz Squirrel013.xyz 0.688164 0.275176 -0.671348 0.707083 -0.398466 -0.629927 -0.666644 0.527457 -0.606346 0.726271 -0.323845 1.331583 0.000000 0.000000 0.000000 1.000000
Squirrel002.xyz Squirrel014.xyz 0.583305 0.810606 -0.051708 0.139445 0.494304 -0.303741 0.814497 -0.893323 0.644530 -0.500659 -0.577860 1.384804 0.000000 0.000000 0.000000 1.000000
Squirrel003.xyz Squirrel004.xyz 0.911824 0.135620 -0.387536 0.379178 -0.128174 0.990725 0.045130 -0.033772 0.390063 0.008523 0.920749 0.049744 0.000000 0.000000 0.000000 1.000000
Squirrel003.xyz Squirrel005.xyz 0.627704 0.285521 -0.724200 0.716883 -0.277949 0.951190 0.134099 -0.112199 0.727140 0.117117 0.676426 0.267537 0.000000 0.000000 0.000000 1.000000
Squirrel003.xyz Squirrel006.xyz -0.003660 0.346825 -0.937922 0.964204 -0.339191 0.881895 0.327431 -0.287513 0.940711 0.319335 0.114413 0.781138 0.000000 0.000000 0.000000 1.000000
Squirrel003.xyz Squirrel007.xyz -0.549253 0.313641 -0.774564 0.832767 -0.277720 0.805700 0.523184 -0.477291 0.788158 0.502473 -0.355428 1.236580 0.000000 0.000000 0.000000 1.000000
Squirrel003.xyz Squirrel011.xyz -0.683702 -0.211654 0.698394 -0.585106 0.303774 0.787619 0.536077 -0.522038 -0.663530 0.578671 -0.474202 1.428993 0.000000 0.000000 0.000000 1.000000
Squirrel003.xyz Squirrel012.xyz -0.985505 0.131696 -0.106945 0.239409 -0.162037 -0.917425 0.363424 -0.468293 -0.050252 0.375485 0.925465 0.108288 0.000000 0.000000 0.000000 1.000000
Squirrel003.xyz Squirrel014.xyz 0.670554 0.626380 0.397501 -0.293500 -0.225897 -0.337973 0.913644 -0.934792 0.706632 -0.702442 -0.085133 0.912867 0.000000 0.000000 0.000000 1.000000
Squirrel004.xyz Squirrel005.xyz 0.891732 0.169734 -0.419530 0.405359 -0.176410 0.984044 0.023160 -0.013227 0.416767 0.053356 0.907446 0.066170 0.000000 0.000000 0.000000 1.000000
Squirrel004.xyz Squirrel006.xyz 0.407178 0.301749 -0.862064 0.862885 -0.316572 0.931967 0.176691 -0.144791 0.856732 0.200960 0.475002 0.439443 0.000000 0.000000 0.000000 1.000000
Squirrel004.xyz Squirrel007.xyz -0.158114 0.346177 -0.924749 0.950412 -0.346716 0.857433 0.380259 -0.335782 0.924548 0.380750 -0.015547 0.899644 0.000000 0.000000 0.000000 1.000000
Squirrel004.xyz Squirrel012.xyz -0.839302 0.251965 -0.481755 0.590127 -0.413010 -0.871744 0.263600 -0.354242 -0.353550 0.420209 0.835719 0.214966 0.000000 0.000000 0.000000 1.000000
Squirrel004.xyz Squirrel013.xyz 0.937120 -0.107225 0.332129 -0.269141 0.206414 -0.597081 -0.775168 0.587673 0.281426 0.794982 -0.537405 1.469686 0.000000 0.000000 0.000000 1.000000
Squirrel004.xyz Squirrel014.xyz 0.542330 0.552560 0.632895 -0.511961 -0.605885 -0.264652 0.750243 -0.751312 0.582052 -0.790340 0.191259 0.655960 0.000000 0.000000 0.000000 1.000000
Squirrel005.xyz Squirrel006.xyz 0.775972 0.205139 -0.596477 0.590520 -0.198238 0.977036 0.078128 -0.056680 0.598806 0.057620 0.798819 0.144615 0.000000 0.000000 0.000000 1.000000
Squirrel005.xyz Squirrel007.xyz 0.305723 0.347129 -0.886586 0.889741 -0.323172 0.913724 0.246314 -0.208994 0.895597 0.211216 0.391528 0.513492 0.000000 0.000000 0.000000 1.000000
Squirrel005.xyz Squirrel008.xyz -0.189430 0.357119 -0.914648 0.940558 -0.324109 0.856563 0.401565 -0.354764 0.926860 0.372514 -0.046513 0.923200 0.000000 0.000000 0.000000 1.000000
Squirrel005.xyz Squirrel012.xyz -0.503553 0.384847 -0.773516 0.850521 -0.626847 -0.778872 0.020561 -0.111806 -0.594557 0.495229 0.633443 0.420611 0.000000 0.000000 0.000000 1.000000
Squirrel005.xyz Squirrel013.xyz 0.678121 -0.263138 0.686229 -0.592912 0.407926 -0.641921 -0.649256 0.456787 0.611349 0.720206 -0.327959 1.253097 0.000000 0.000000 0.000000 1.000000
Squirrel005.xyz Squirrel014.xyz 0.311883 0.462730 0.829826 -0.687175 -0.899955 -0.136170 0.414171 -0.415713 0.304647 -0.875980 0.373967 0.496137 0.000000 0.000000 0.000000 1.000000
Squirrel006.xyz Squirrel007.xyz 0.837270 0.209284 -0.505150 0.480231 -0.210252 0.976049 0.055891 -0.037596 0.504750 0.059414 0.861219 0.094250 0.000000 0.000000 0.000000 1.000000
Squirrel006.xyz Squirrel008.xyz 0.471833 0.315011 -0.823492 0.798875 -0.315309 0.932516 0.176053 -0.141172 0.823379 0.176587 0.539319 0.368993 0.000000 0.000000 0.000000 1.000000
Squirrel006.xyz Squirrel009.xyz 0.116513 0.409007 -0.905063 0.905544 -0.322906 0.877363 0.354919 -0.309768 0.939233 0.250897 0.234295 0.645628 0.000000 0.000000 0.000000 1.000000
Squirrel006.xyz Squirrel010.xyz -0.341925 0.388407 -0.855703 0.882649 -0.291394 0.821880 0.489491 -0.440295 0.893407 0.416717 -0.167840 1.031700 0.000000 0.000000 0.000000 1.000000
Squirrel006.xyz Squirrel011.xyz -0.725944 0.273925 -0.630849 0.686390 -0.230745 0.767087 0.598609 -0.546602 0.647891 0.580122 -0.493655 1.356698 0.000000 0.000000 0.000000 1.000000
Squirrel006.xyz Squirrel012.xyz 0.149588 0.415400 -0.897255 0.915488 -0.658457 -0.635114 -0.403814 0.299425 -0.737603 0.651209 0.178516 0.867274 0.000000 0.000000 0.000000 1.000000
Squirrel006.xyz Squirrel013.xyz 0.062904 -0.337912 0.939073 -0.785015 0.572123 -0.758770 -0.311355 0.120957 0.817753 0.556851 0.145598 0.780704 0.000000 0.000000 0.000000 1.000000
Squirrel006.xyz Squirrel014.xyz -0.158036 0.455109 0.876299 -0.694782 -0.973318 0.077721 -0.215898 0.194678 -0.166363 -0.887038 0.430683 0.481817 0.000000 0.000000 0.000000 1.000000
Squirrel007.xyz Squirrel008.xyz 0.876968 0.162236 -0.452334 0.426460 -0.157772 0.986315 0.047872 -0.032836 0.453910 0.029383 0.890563 0.068181 0.000000 0.000000 0.000000 1.000000
Squirrel007.xyz Squirrel009.xyz 0.640346 0.324129 -0.696347 0.675846 -0.266029 0.944076 0.194804 -0.164879 0.720546 0.060506 0.690763 0.236770 0.000000 0.000000 0.000000 1.000000
Squirrel007.xyz Squirrel010.xyz 0.227264 0.403169 -0.886458 0.872216 -0.319237 0.890819 0.323309 -0.283968 0.920021 0.209513 0.331157 0.566543 0.000000 0.000000 0.000000 1.000000
Squirrel007.xyz Squirrel011.xyz -0.231809 0.384737 -0.893444 0.896383 -0.335045 0.830685 0.444641 -0.396379 0.913242 0.402416 -0.063656 0.939260 0.000000 0.000000 0.000000 1.000000
Squirrel007.xyz Squirrel012.xyz 0.665433 0.323850 -0.672549 0.671490 -0.480239 -0.504029 -0.717861 0.578760 -0.571463 0.800672 -0.179872 1.188764 0.000000 0.000000 0.000000 1.000000
Squirrel007.xyz Squirrel013.xyz -0.492427 -0.290558 0.820422 -0.636785 0.477504 -0.878288 -0.024448 -0.139072 0.727672 0.379716 0.571235 0.391691 0.000000 0.000000 0.000000 1.000000
Squirrel007.xyz Squirrel014.xyz -0.479736 0.526412 0.701957 -0.510766 -0.689604 0.268435 -0.672599 0.599332 -0.542494 -0.806742 0.234239 0.689932 0.000000 0.000000 0.000000 1.000000
Squirrel008.xyz Squirrel009.xyz 0.929130 0.185328 -0.319957 0.307510 -0.168253 0.982454 0.080471 -0.066353 0.329257 -0.020935 0.944009 0.031304 0.000000 0.000000 0.000000 1.000000
Squirrel008.xyz Squirrel010.xyz 0.665687 0.319358 -0.674443 0.644798 -0.281682 0.944472 0.169197 -0.144366 0.691026 0.077346 0.718680 0.225388 0.000000 0.000000 0.000000 1.000000
Squirrel008.xyz Squirrel011.xyz 0.263264 0.373272 -0.889584 0.857020 -0.360183 0.893464 0.268308 -0.231732 0.894964 0.249777 0.369665 0.540592 0.000000 0.000000 0.000000 1.000000
Squirrel008.xyz Squirrel012.xyz 0.940320 0.182234 -0.287384 0.296059 -0.178213 -0.455729 -0.872096 0.699256 -0.289895 0.871264 -0.396055 1.368005 0.000000 0.000000 0.000000 1.000000
Squirrel008.xyz Squirrel013.xyz -0.850087 -0.169614 0.498582 -0.313820 0.287325 -0.942776 0.169165 -0.304095 0.441359 0.287060 0.850176 0.154929 0.000000 0.000000 0.000000 1.000000
Squirrel008.xyz Squirrel014.xyz -0.652830 0.628502 0.422847 -0.240554 -0.256972 0.341362 -0.904122 0.781772 -0.712587 -0.698897 -0.061344 0.975056 0.000000 0.000000 0.000000 1.000000
Squirrel009.xyz Squirrel010.xyz 0.893487 0.147477 -0.424183 0.393106 -0.140817 0.988909 0.047206 -0.036924 0.426439 0.017555 0.904345 0.067109 0.000000 0.000000 0.000000 1.000000
Squirrel009.xyz Squirrel011.xyz 0.598413 0.250842 -0.760907 0.713466 -0.254920 0.959980 0.115988 -0.093275 0.759550 0.124562 0.638410 0.295303 0.000000 0.000000 0.000000 1.000000
Squirrel009.xyz Squirrel012.xyz 0.999402 -0.002301 0.034499 -0.012500 0.028992 -0.487926 -0.872403 0.685275 0.018840 0.872881 -0.487568 1.435392 0.000000 0.000000 0.000000 1.000000
Squirrel009.xyz Squirrel013.xyz -0.980799 0.016513 0.194319 -0.017202 0.038114 -0.960963 0.274033 -0.388156 0.191260 0.276178 0.941884 0.084955 0.000000 0.000000 0.000000 1.000000
Squirrel009.xyz Squirrel014.xyz -0.625377 0.761341 0.171065 -0.003082 0.113785 0.305853 -0.945254 0.796667 -0.771982 -0.571676 -0.277902 1.183215 0.000000 0.000000 0.000000 1.000000
Squirrel010.xyz Squirrel011.xyz 0.894431 0.127875 -0.428532 0.395340 -0.135392 0.990706 0.013037 -0.004345 0.426216 0.046359 0.903434 0.068838 0.000000 0.000000 0.000000 1.000000
Squirrel010.xyz Squirrel012.xyz 0.877980 -0.141379 0.457345 -0.393551 0.324004 -0.527780 -0.785156 0.591110 0.352382 0.837532 -0.417573 1.355817 0.000000 0.000000 0.000000 1.000000
Squirrel010.xyz Squirrel013.xyz -0.956323 0.163616 -0.242231 0.381032 -0.223907 -0.942738 0.247205 -0.351537 -0.187912 0.290645 0.938198 0.106595 0.000000 0.000000 0.000000 1.000000
Squirrel010.xyz Squirrel014.xyz -0.519048 0.849037 -0.098619 0.238927 0.547732 0.241817 -0.800946 0.644029 -0.656185 -0.469746 -0.590560 1.463452 0.000000 0.000000 0.000000 1.000000
Squirrel011.xyz Squirrel012.xyz 0.571229 -0.252975 0.780835 -0.674231 0.558774 -0.576979 -0.595707 0.408705 0.601224 0.776594 -0.188231 1.134461 0.000000 0.000000 0.000000 1.000000
Squirrel011.xyz Squirrel013.xyz -0.730641 0.288416 -0.618854 0.713737 -0.426757 -0.900438 0.084196 -0.192531 -0.532956 0.325617 0.780981 0.264947 0.000000 0.000000 0.000000 1.000000
Squirrel012.xyz Squirrel013.xyz -0.973547 -0.206017 -0.098808 0.253636 0.049756 0.230918 -0.971700 0.848994 0.223004 -0.950913 -0.214558 1.047354 0.000000 0.000000 0.000000 1.000000
Squirrel012.xyz Squirrel014.xyz -0.620853 -0.538848 0.569373 -0.458857 0.080403 0.678708 0.729994 -0.715257 -0.779793 0.498998 -0.378054 1.374172 0.000000 0.000000 0.000000 1.000000
Squirrel013.xyz Squirrel014.xyz 0.659182 -0.708580 0.251780 -0.288173 -0.290232 -0.548609 -0.784088 0.645340 0.693718 0.443783 -0.567285 1.415599 0.000000 0.000000 0.000000 1.000000
